Node 0, zone   Normal pfn_map[0 205312]
(10 1)
(51 0)
(53 0)
(58 0)
(68 1)
(72 1)
(78 0)
(137 0)
(139 0)
(143 0)
(146 0)
(148 1)
(151 0)
(159 0)
(164 0)
(166 0)
(178 0)
(186 0)
(196 0)
(214 1)
(221 0)
(222 0)
(237 0)
(248 0)
(251 0)
(5107 0)
(5120 4)
(5136 2)
(5156 2)
(5160 3)
(5168 3)
(5200 3)
(5232 4)
(5248 7)
(5376 8)
(5632 9)
(6340 0)
(6560 4)
(6983 0)
(7106 1)
(7188 1)
(7190 0)
(7192 1)
(7207 0)
(7224 0)
(7226 1)
(7230 1)
(7236 1)
(7239 0)
(7265 0)
(7266 1)
(7268 0)
(7272 0)
(7277 0)
(7278 0)
(7281 0)
(7283 0)
(7321 0)
(7335 0)
(7342 0)
(7347 0)
(7351 0)
(7360 3)
(7369 0)
(7392 0)
(7397 0)
(7408 1)
(7411 0)
(7412 2)
(7419 0)
(7423 0)
(7424 0)
(7428 0)
(7433 0)
(7434 0)
(7444 2)
(7472 0)
(7474 0)
(7481 0)
(7482 0)
(7485 0)
(7486 0)
(7551 0)
(7578 0)
(7581 0)
(7592 0)
(7601 0)
(7602 0)
(7641 0)
(7642 1)
(7796 0)
(7816 0)
(7855 0)
(7856 0)
(7858 1)
(7899 0)
(7908 0)
(7914 0)
(7927 0)
(7928 0)
(7935 0)
(7959 0)
(7965 0)
(7985 0)
(7989 0)
(7990 0)
(7998 0)
(8012 0)
(8017 0)
(8018 1)
(8021 0)
(8024 1)
(8026 0)
(8032 1)
(8035 0)
(8039 0)
(8042 0)
(8044 0)
(8063 0)
(8079 0)
(8081 0)
(8095 0)
(8105 0)
(8107 0)
(8114 1)
(8118 1)
(8130 1)
(8161 0)
(8162 1)
(8168 0)
(8170 0)
(8173 0)
(8196 0)
(8198 0)
(8201 0)
(8207 0)
(8208 0)
(8214 0)
(8216 1)
(8219 0)
(8222 0)
(8225 0)
(8232 0)
(8239 0)
(8241 0)
(8246 0)
(8249 0)
(8253 0)
(8254 0)
(8258 0)
(8261 0)
(8269 0)
(8270 0)
(8282 0)
(8286 1)
(8301 0)
(8305 0)
(8310 0)
(8344 0)
(8360 0)
(8383 0)
(8403 0)
(8404 0)
(8407 0)
(8417 0)
(8450 0)
(8452 0)
(8468 0)
(8471 0)
(8525 0)
(8528 0)
(8546 0)
(8563 0)
(8564 0)
(8571 0)
(8584 0)
(8592 0)
(8608 0)
(8623 0)
(8648 0)
(8666 1)
(8672 1)
(8674 0)
(8683 0)
(8688 0)
(8695 0)
(8772 0)
(8802 0)
(8814 1)
(8818 0)
(8825 0)
(8826 0)
(8868 0)
(8871 0)
(8881 0)
(8882 0)
(8884 0)
(8886 0)
(8900 1)
(8916 1)
(8933 0)
(8934 1)
(8960 1)
(8962 0)
(8976 3)
(8984 2)
(8992 0)
(9007 0)
(9025 0)
(9041 0)
(9042 1)
(9044 1)
(9069 0)
(9201 0)
(9312 0)
(9383 0)
(9388 0)
(9437 0)
(9440 0)
(9629 0)
(9804 1)
(9810 0)
(9820 0)
(9828 0)
(9831 0)
(9883 0)
(9891 0)
(9892 1)
(9897 0)
(9898 1)
(9917 0)
(9970 0)
(9988 0)
(9990 0)
(10033 0)
(10043 0)
(10148 0)
(10154 0)
(10160 0)
(10196 0)
(10295 0)
(10302 0)
(10329 0)
(10403 0)
(10415 0)
(10420 0)
(10590 0)
(10798 1)
(10802 0)
(10839 0)
(10851 0)
(10920 0)
(10934 0)
(10947 0)
(10952 0)
(10990 0)
(11086 0)
(11186 0)
(11264 5)
(11296 2)
(11303 0)
(11304 2)
(11308 0)
(11334 1)
(11336 3)
(11344 4)
(11360 2)
(11364 1)
(11378 1)
(11385 0)
(11390 1)
(11392 2)
(11479 0)
(11480 1)
(11482 0)
(11542 1)
(11544 2)
(11560 1)
(11563 0)
(11566 0)
(11591 0)
(11617 0)
(11637 0)
(11638 0)
(11650 1)
(11652 2)
(11656 2)
(11661 0)
(11662 1)
(11664 2)
(11668 1)
(11670 0)
(11679 0)
(11693 0)
(11694 1)
(11696 2)
(11700 1)
(11704 3)
(11766 0)
(11852 1)
(11866 1)
(11868 2)
(11872 5)
(11904 4)
(11920 0)
(11925 0)
(11926 1)
(11928 1)
(11931 0)
(11932 2)
(11936 0)
(11938 1)
(11940 1)
(11943 0)
(11944 0)
(11946 1)
(11948 0)
(11950 0)
(12197 0)
(12600 0)
(12604 0)
(12627 0)
(12633 0)
(12696 1)
(12736 1)
(12738 0)
(13115 0)
(13190 0)
(13210 0)
(13281 0)
(13289 0)
(13292 0)
(13384 0)
(13516 1)
(13532 2)
(13633 0)
(13635 0)
(13745 0)
(13981 0)
(13986 0)
(14129 0)
(14346 0)
(14443 0)
(14472 0)
(14609 0)
(14728 0)
(14748 0)
(14750 0)
(14752 0)
(14758 0)
(14848 0)
(15057 0)
(16400 1)
(17156 0)
(17398 1)
(17614 1)
(17702 1)
(17928 1)
(19812 1)
(19904 2)
(20092 2)
(20913 0)
(20933 0)
(20934 0)
(20948 0)
(20952 1)
(20954 0)
(20956 1)
(20964 0)
(26978 0)
(26982 0)
(27017 0)
(27022 0)
(27028 0)
(27060 0)
(27065 0)
(27088 0)
(27091 0)
(27097 0)
(27098 0)
(27101 0)
(27106 0)
(27123 0)
(27125 0)
(27131 0)
(27137 0)
(27167 0)
(27171 0)
(27178 1)
(27180 0)
(27190 0)
(27194 0)
(27197 0)
(27200 0)
(27203 0)
(27207 0)
(27210 0)
(27230 0)
(27240 1)
(27242 0)
(27252 0)
(27265 0)
(27267 0)
(27277 0)
(27279 0)
(27284 1)
(27286 0)
(27290 1)
(27306 1)
(27318 1)
(27320 0)
(27327 0)
(27328 0)
(27336 0)
(27346 0)
(27349 0)
(27360 0)
(27364 1)
(27367 0)
(27374 1)
(27378 0)
(27381 0)
(27383 0)
(27386 0)
(27388 1)
(27397 0)
(27398 1)
(27432 1)
(27434 0)
(27458 0)
(27461 0)
(27488 1)
(27491 0)
(27528 0)
(27531 0)
(27539 0)
(27543 0)
(27544 0)
(27565 0)
(27567 0)
(27571 0)
(27572 1)
(27574 0)
(27581 0)
(27582 1)
(27584 1)
(27587 0)
(27588 1)
(27598 0)
(27609 0)
(27613 0)
(27634 0)
(27640 0)
(27643 0)
(27648 1)
(27665 0)
(27680 3)
(27688 2)
(27697 0)
(27698 0)
(27700 1)
(27702 0)
(27704 1)
(27708 0)
(27711 0)
(27717 0)
(27749 0)
(27752 3)
(27760 4)
(27796 0)
(27798 1)
(27800 0)
(27802 1)
(27804 0)
(27811 0)
(27824 0)
(27833 0)
(27839 0)
(27852 2)
(27856 0)
(27862 1)
(27864 2)
(27868 1)
(27874 0)
(27877 0)
(27879 0)
(27883 0)
(27885 0)
(27889 0)
(27892 0)
(27894 0)
(27898 0)
(27900 0)
(27904 0)
(27915 0)
(27921 0)
(27922 1)
(27924 0)
(27926 0)
(27928 3)
(27936 5)
(27968 3)
(27976 1)
(27998 1)
(28001 0)
(28002 1)
(28004 1)
(28006 0)
(28008 0)
(28010 1)
(28017 0)
(28018 1)
(28020 2)
(28024 2)
(28029 0)
(28030 1)
(28032 3)
(28040 2)
(28045 0)
(28046 1)
(28048 1)
(28050 0)
(28052 0)
(28057 0)
(28058 1)
(28060 0)
(28065 0)
(28066 1)
(28071 0)
(28072 3)
(28080 3)
(28088 1)
(28090 0)
(28092 2)
(28096 3)
(28104 2)
(28108 1)
(28113 0)
(28115 0)
(28116 2)
(28120 3)
(28128 3)
(28137 0)
(28138 1)
(28140 2)
(28144 3)
(28152 2)
(28202 1)
(28205 0)
(28206 1)
(28238 0)
(28240 0)
(28246 1)
(28260 1)
(28264 1)
(28267 0)
(28268 2)
(28272 3)
(28280 2)
(28284 1)
(28286 0)
(28318 1)
(28320 4)
(28336 2)
(28342 0)
(28344 1)
(28349 0)
(28350 0)
(28355 0)
(28356 2)
(28360 3)
(28368 2)
(28372 1)
(28374 0)
(28380 0)
(28450 1)
(28466 1)
(28468 2)
(28472 1)
(28476 2)
(28480 4)
(28496 1)
(28498 0)
(28500 2)
(28513 0)
(28518 0)
(28522 1)
(28524 2)
(28528 4)
(28544 2)
(28558 1)
(28560 0)
(28567 0)
(28568 3)
(28576 1)
(28578 0)
(28583 0)
(28584 0)
(28596 2)
(28609 0)
(28610 0)
(28612 2)
(28616 3)
(28624 2)
(28630 0)
(28634 0)
(28637 0)
(28638 0)
(28641 0)
(28670 1)
(28679 0)
(28695 0)
(28697 0)
(28720 2)
(28724 1)
(28726 0)
(28728 1)
(28770 1)
(28834 0)
(28836 1)
(28838 0)
(28872 0)
(28893 0)
(28925 0)
(28933 0)
(28949 0)
(28974 0)
(28981 0)
(28983 0)
(29014 0)
(29029 0)
(29030 1)
(29059 0)
(29062 0)
(29068 0)
(29076 0)
(29122 1)
(29124 2)
(29128 3)
(29136 0)
(29200 2)
(29264 4)
(29312 4)
(29340 0)
(29346 1)
(29352 3)
(29382 1)
(29418 1)
(29420 2)
(29432 3)
(29444 2)
(29448 3)
(29488 3)
(29616 4)
(29646 1)
(29652 2)
(29684 2)
(29692 2)
(29706 0)
(29716 0)
(29728 2)
(29749 0)
(29752 0)
(29754 1)
(29756 2)
(29768 2)
(29790 0)
(29823 0)
(29824 2)
(29832 0)
(29847 0)
(29850 1)
(29852 0)
(29884 1)
(29886 0)
(29888 0)
(29893 0)
(29896 0)
(29898 0)
(29947 0)
(30004 2)
(30012 0)
(30024 3)
(30032 1)
(30044 1)
(30057 0)
(30058 1)
(30064 2)
(30082 1)
(30091 0)
(30109 0)
(30147 0)
(30156 0)
(30179 0)
(30184 0)
(30190 0)
(30193 0)
(30194 0)
(30198 1)
(30202 1)
(30204 2)
(30212 0)
(30214 0)
(30224 3)
(30232 2)
(30236 1)
(30240 2)
(30244 1)
(30247 0)
(30248 2)
(30252 1)
(30258 1)
(30260 2)
(30264 3)
(30272 1)
(30278 1)
(30280 0)
(30282 1)
(30284 2)
(30288 4)
(30304 3)
(30312 0)
(30314 1)
(30317 0)
(30318 1)
(30320 3)
(30328 2)
(30344 2)
(30361 0)
(30365 0)
(30366 1)
(30371 0)
(30372 1)
(30374 0)
(30377 0)
(30378 1)
(30382 1)
(30401 0)
(30404 1)
(30408 2)
(30419 0)
(30424 2)
(30428 1)
(30430 0)
(30434 1)
(30478 1)
(30480 4)
(30524 1)
(30526 0)
(30553 0)
(30554 1)
(30565 0)
(30668 1)
(30672 0)
(30681 0)
(30682 0)
(30684 0)
(30686 1)
(30688 0)
(30690 0)
(30704 0)
(30715 0)
(30716 0)
(30719 0)
(30733 0)
(30764 2)
(30768 2)
(31005 0)
(31050 0)
(31053 0)
(31091 0)
(31094 0)
(31752 0)
(31755 0)
(31760 0)
(31772 1)
(31776 0)
(31789 0)
(31792 0)
(31794 0)
(31809 0)
(31812 0)
(31815 0)
(31816 0)
(31819 0)
(31824 0)
(31845 0)
(31846 0)
(31856 2)
(31871 0)
(31884 1)
(31886 0)
(31890 1)
(31893 0)
(31894 0)
(31899 0)
(31904 0)
(31910 0)
(31916 1)
(31924 0)
(31956 2)
(31964 2)
(31972 0)
(31975 0)
(31980 1)
(31990 0)
(31997 0)
(32000 2)
(32007 0)
(32008 0)
(32010 0)
(32012 0)
(32014 1)
(32019 0)
(32022 1)
(32025 0)
(32028 1)
(32030 0)
(32033 0)
(32035 0)
(32036 2)
(32044 2)
(32052 2)
(32060 0)
(32063 0)
(32068 0)
(32070 1)
(32076 0)
(32078 1)
(32091 0)
(32093 0)
(32112 0)
(32114 0)
(32118 0)
(32120 1)
(32124 2)
(32128 2)
(32133 0)
(32134 0)
(32144 0)
(32146 1)
(32151 0)
(32160 2)
(32164 1)
(32179 0)
(32183 0)
(32184 1)
(32202 1)
(32208 1)
(32228 2)
(32232 1)
(32234 0)
(32241 0)
(32242 1)
(32244 2)
(32248 3)
(32268 1)
(32277 0)
(32278 1)
(32289 0)
(32291 0)
(32292 0)
(32320 0)
(32348 1)
(32350 0)
(32352 0)
(32365 0)
(32379 0)
(32380 1)
(32382 0)
(32385 0)
(32387 0)
(32390 1)
(32401 0)
(32404 2)
(32409 0)
(32428 1)
(32440 2)
(32445 0)
(32446 1)
(32448 1)
(32450 0)
(32454 1)
(32461 0)
(32462 1)
(32468 0)
(32472 0)
(32475 0)
(32476 1)
(32486 1)
(32492 2)
(32500 1)
(32521 0)
(32522 0)
(32535 0)
(32536 0)
(32540 0)
(32542 0)
(32548 1)
(32550 0)
(32553 0)
(32556 0)
(32572 1)
(32575 0)
(32579 0)
(32580 2)
(32588 1)
(32595 0)
(32602 1)
(32610 1)
(32612 2)
(32625 0)
(32626 0)
(32629 0)
(32630 1)
(32632 2)
(32642 1)
(32644 2)
(32648 0)
(32650 0)
(32656 1)
(32658 0)
(32671 0)
(32673 0)
(32676 1)
(32683 0)
(32684 1)
(32686 0)
(32688 1)
(32692 2)
(32696 0)
(32698 0)
(32701 0)
(32704 1)
(32723 0)
(32726 1)
(32732 0)
(32738 0)
(32741 0)
(32743 0)
(32745 0)
(32754 0)
(32764 1)
(32782 1)
(32784 1)
(32790 1)
(32792 0)
(32794 1)
(32796 2)
(32801 0)
(32807 0)
(32816 0)
(32818 0)
(32820 1)
(32828 1)
(32833 0)
(32835 0)
(32855 0)
(32856 1)
(32859 0)
(32860 1)
(32862 0)
(32871 0)
(32872 0)
(32875 0)
(32945 0)
(32947 0)
(32949 0)
(32957 0)
(32966 0)
(32979 0)
(32980 0)
(32999 0)
(33009 0)
(33012 0)
(33017 0)
(33019 0)
(33023 0)
(33026 0)
(33030 1)
(33043 0)
(33047 0)
(33091 0)
(33097 0)
(33104 1)
(33113 0)
(33139 0)
(33149 0)
(33176 0)
(33178 1)
(33181 0)
(33186 0)
(33188 0)
(33192 0)
(33212 0)
(33215 0)
(33249 0)
(33250 1)
(33266 1)
(33270 1)
(33276 1)
(33278 0)
(33281 0)
(33284 0)
(33297 0)
(33298 1)
(33301 0)
(33304 0)
(33322 0)
(33325 0)
(33337 0)
(33339 0)
(33344 0)
(33347 0)
(33352 1)
(33355 0)
(33359 0)
(33363 0)
(33368 0)
(33371 0)
(33374 0)
(33378 1)
(33388 0)
(33390 0)
(33406 0)
(33413 0)
(33416 0)
(33419 0)
(33421 0)
(33443 0)
(33446 0)
(33460 0)
(33464 0)
(33480 0)
(33483 0)
(33488 0)
(33492 0)
(33503 0)
(33506 0)
(33514 0)
(33518 0)
(33522 0)
(33525 0)
(33527 0)
(33551 0)
(33565 0)
(33566 0)
(33568 0)
(33572 0)
(33577 0)
(33578 0)
(33588 0)
(33597 0)
(33599 0)
(33602 0)
(33607 0)
(33613 0)
(33618 0)
(33648 1)
(33665 0)
(33666 1)
(33668 0)
(33710 0)
(33712 0)
(33714 1)
(33727 0)
(33738 0)
(33744 0)
(33790 1)
(33797 0)
(33798 0)
(33802 1)
(33821 0)
(33835 0)
(33856 0)
(33868 0)
(33870 1)
(33872 0)
(33890 1)
(33924 1)
(33970 0)
(34007 0)
(34018 1)
(34024 1)
(34026 0)
(34074 0)
(34113 0)
(34120 1)
(34125 0)
(34130 0)
(34140 1)
(34350 0)
(34377 0)
(34378 0)
(34446 1)
(34448 0)
(34452 1)
(34455 0)
(34466 0)
(34556 0)
(34558 1)
(34565 0)
(34568 0)
(34573 0)
(34574 1)
(34576 1)
(34628 0)
(34630 1)
(35571 0)
(35586 0)
(35590 0)
(35707 0)
(35709 0)
(35736 1)
(35883 0)
(35892 0)
(35905 0)
(35911 0)
(35915 0)
(35916 1)
(35919 0)
(35928 0)
(35973 0)
(35981 0)
(36003 0)
(36155 0)
(36161 0)
(36211 0)
(36220 0)
(36237 0)
(36342 0)
(36354 1)
(36371 0)
(36379 0)
(36382 0)
(36443 0)
(36446 1)
(36448 0)
(36452 1)
(36461 0)
(36462 1)
(36464 0)
(36494 1)
(36496 1)
(36500 1)
(36502 0)
(36540 0)
(36544 1)
(36546 0)
(36576 1)
(36578 0)
(36580 1)
(36592 1)
(36673 0)
(36696 0)
(36698 1)
(36706 1)
(36768 0)
(36774 0)
(36878 0)
(36904 0)
(36906 1)
(36913 0)
(36917 0)
(36919 0)
(36928 0)
(36933 0)
(36936 0)
(36942 0)
(36944 0)
(36962 1)
(37015 0)
(37016 0)
(37020 1)
(37029 0)
(37030 0)
(37034 0)
(37036 0)
(37038 1)
(37040 0)
(37044 0)
(37176 0)
(37182 1)
(37185 0)
(37199 0)
(37203 0)
(37204 0)
(37211 0)
(37215 0)
(37220 0)
(37229 0)
(37232 0)
(37234 0)
(37251 0)
(37254 0)
(37260 0)
(37262 0)
(37269 0)
(37271 0)
(37277 0)
(37282 1)
(37286 0)
(37299 0)
(37300 0)
(37305 0)
(37311 0)
(37321 0)
(37322 0)
(37333 0)
(37337 0)
(37339 0)
(37343 0)
(37344 0)
(37353 0)
(37354 0)
(37373 0)
(37375 0)
(37402 1)
(37404 0)
(37469 0)
(37501 0)
(37502 1)
(37504 0)
(37586 0)
(37644 0)
(37648 0)
(37653 0)
(37662 0)
(37697 0)
(37701 0)
(37708 0)
(37711 0)
(37715 0)
(37716 0)
(37719 0)
(37721 0)
(37724 0)
(37730 0)
(37779 0)
(37800 1)
(37803 0)
(37804 2)
(37808 3)
(37816 0)
(37818 1)
(37820 2)
(37824 2)
(37829 0)
(37843 0)
(37847 0)
(37848 0)
(37851 0)
(37857 0)
(37858 0)
(37860 1)
(37862 0)
(37865 0)
(43019 0)
(43045 0)
(43056 0)
(43059 0)
(43061 0)
(43062 0)
(43081 0)
(43100 0)
(43103 0)
(43165 0)
(43166 0)
(43184 1)
(43187 0)
(43188 0)
(43192 1)
(43198 0)
(43201 0)
(43202 1)
(43205 0)
(43218 0)
(43223 0)
(43228 0)
(43233 0)
(43246 0)
(43256 1)
(43266 0)
(43269 0)
(43300 1)
(43303 0)
(43306 0)
(43311 0)
(43320 0)
(43322 0)
(43326 0)
(43333 0)
(43340 2)
(43348 0)
(43350 1)
(43365 0)
(43366 1)
(43372 2)
(43376 0)
(43404 0)
(43423 0)
(43484 0)
(43535 0)
(43541 0)
(43561 0)
(43562 1)
(43595 0)
(43606 0)
(43615 0)
(43625 0)
(43631 0)
(43642 0)
(43648 0)
(43658 0)
(43663 0)
(43671 0)
(43672 0)
(43675 0)
(43748 1)
(43805 0)
(43806 0)
(43860 2)
(43866 0)
(43868 0)
(43883 0)
(43897 0)
(43899 0)
(43926 0)
(43940 1)
(43950 0)
(43975 0)
(43978 0)
(43980 1)
(43986 0)
(43988 0)
(43992 2)
(43998 1)
(44004 1)
(44016 0)
(44020 0)
(44022 0)
(44026 1)
(44040 0)
(44056 0)
(44095 0)
(44116 1)
(44132 0)
(44134 0)
(44136 2)
(44140 0)
(44160 0)
(44163 0)
(44169 0)
(44175 0)
(44182 0)
(44185 0)
(44188 0)
(44192 2)
(44196 0)
(44218 0)
(44221 0)
(44222 0)
(44224 0)
(44227 0)
(44236 0)
(44240 1)
(44244 0)
(44255 0)
(44282 0)
(44339 0)
(44443 0)
(44447 0)
(44452 0)
(44454 0)
(44460 0)
(44462 0)
(44464 2)
(44480 0)
(44484 0)
(44487 0)
(44493 0)
(44495 0)
(44496 1)
(44498 0)
(44509 0)
(44510 0)
(44516 0)
(44532 0)
(44543 0)
(44544 0)
(44571 0)
(44583 0)
(44593 0)
(44596 0)
(44633 0)
(44639 0)
(44647 0)
(44654 0)
(44822 0)
(44942 0)
(44944 0)
(44946 0)
(44948 1)
(44953 0)
(44964 0)
(44974 0)
(44977 0)
(44983 0)
(44986 0)
(44994 0)
(44996 0)
(45000 1)
(45003 0)
(45056 0)
(45065 0)
(45067 0)
(45074 0)
(45080 0)
(45083 0)
(45090 0)
(45093 0)
(45095 0)
(45098 0)
(45100 1)
(45115 0)
(45116 1)
(45123 0)
(45131 0)
(45132 0)
(45134 1)
(45136 0)
(45138 0)
(45146 0)
(45150 0)
(45154 0)
(45159 0)
(45164 0)
(45171 0)
(45179 0)
(45184 1)
(45192 0)
(45219 0)
(45220 0)
(45222 0)
(45227 0)
(45228 0)
(45243 0)
(45244 0)
(45253 0)
(45254 0)
(45259 0)
(45286 0)
(45288 3)
(45297 0)
(45298 1)
(45300 1)
(45302 0)
(45305 0)
(45307 0)
(45308 0)
(45310 0)
(45313 0)
(45314 1)
(45316 0)
(45347 0)
(45350 0)
(45499 0)
(45503 0)
(45508 1)
(45514 0)
(45517 0)
(45519 0)
(45522 0)
(45532 0)
(45539 0)
(45588 2)
(45609 0)
(45610 0)
(45615 0)
(45630 0)
(45632 0)
(45634 0)
(45636 0)
(45643 0)
(45649 0)
(45658 0)
(45689 0)
(45690 0)
(45694 1)
(45696 0)
(45700 0)
(45703 0)
(45704 0)
(45727 0)
(45728 0)
(45733 0)
(45738 0)
(45741 0)
(45756 0)
(45759 0)
(45760 2)
(45764 0)
(45787 0)
(45828 0)
(45831 0)
(45833 0)
(45836 0)
(45850 0)
(45864 0)
(45866 1)
(45868 0)
(45872 1)
(45875 0)
(45879 0)
(45880 3)
(45899 0)
(45903 0)
(45923 0)
(45926 0)
(45930 0)
(45932 0)
(45937 0)
(45939 0)
(45950 0)
(45959 0)
(45971 0)
(45972 0)
(45985 0)
(46022 0)
(46027 0)
(46028 1)
(46046 0)
(46059 0)
(46087 0)
(46091 0)
(46112 1)
(46115 0)
(46120 1)
(46134 1)
(46138 0)
(46141 0)
(46143 0)
(46148 0)
(46171 0)
(46172 0)
(46174 0)
(46204 1)
(46207 0)
(46208 1)
(46211 0)
(46215 0)
(46219 0)
(46221 0)
(46222 1)
(46233 0)
(46234 1)
(46236 2)
(46240 1)
(46243 0)
(46251 0)
(46252 0)
(46254 0)
(46257 0)
(46261 0)
(46267 0)
(46270 0)
(46290 1)
(46292 0)
(46296 1)
(46299 0)
(46303 0)
(46304 0)
(46314 0)
(46320 0)
(46324 0)
(46327 0)
(46329 0)
(46330 1)
(46334 0)
(46337 0)
(46338 0)
(46347 0)
(46350 0)
(46352 0)
(46356 0)
(46364 0)
(46379 0)
(46380 2)
(46384 0)
(46386 0)
(46388 0)
(46390 0)
(46394 0)
(46396 0)
(46399 0)
(46404 0)
(46413 0)
(46421 0)
(46529 0)
(46537 0)
(46540 1)
(46544 0)
(46560 0)
(46583 0)
(46605 0)
(46697 0)
(46700 1)
(46703 0)
(46705 0)
(46707 0)
(46710 0)
(46713 0)
(46714 0)
(46718 0)
(46720 0)
(46723 0)
(46736 0)
(46740 0)
(46744 0)
(46748 0)
(46777 0)
(46778 0)
(46780 0)
(46804 1)
(46806 0)
(46816 0)
(46819 0)
(46824 0)
(46826 0)
(46828 0)
(46830 0)
(46839 0)
(46876 1)
(46898 0)
(46900 1)
(46903 0)
(46912 0)
(46915 0)
(46928 0)
(46931 0)
(46933 0)
(46938 0)
(46943 0)
(46955 0)
(46994 0)
(46996 0)
(46998 0)
(47001 0)
(47007 0)
(47010 1)
(47012 0)
(47056 2)
(47060 0)
(47065 0)
(47067 0)
(47076 0)
(47079 0)
(47083 0)
(47104 0)
(47116 0)
(47121 0)
(47123 0)
(47126 0)
(47140 0)
(47144 3)
(47168 2)
(47176 0)
(47181 0)
(47203 0)
(47204 0)
(47209 0)
(47237 0)
(47238 1)
(47241 0)
(47242 1)
(47253 0)
(47260 0)
(47262 1)
(47264 0)
(47266 0)
(47273 0)
(47274 0)
(47277 0)
(47278 1)
(47283 0)
(47285 0)
(47288 0)
(47290 1)
(47294 0)
(47300 1)
(47304 1)
(47306 0)
(47361 0)
(47376 1)
(47378 0)
(47380 2)
(47384 2)
(47389 0)
(47439 0)
(47442 0)
(47448 0)
(47464 0)
(47474 0)
(47532 2)
(47547 0)
(47552 0)
(47564 0)
(47571 0)
(47573 0)
(47575 0)
(47576 1)
(47578 0)
(47581 0)
(47599 0)
(47604 1)
(47606 0)
(47614 0)
(47618 1)
(47620 0)
(47628 0)
(47630 0)
(47632 0)
(47640 1)
(47667 0)
(47672 0)
(47679 0)
(47682 1)
(47684 2)
(47693 0)
(47709 0)
(47713 0)
(47714 0)
(47720 1)
(47722 0)
(47725 0)
(47739 0)
(47742 0)
(47746 0)
(47748 0)
(47758 0)
(47763 0)
(47764 0)
(47766 0)
(47770 0)
(47772 0)
(47774 0)
(47779 0)
(47782 0)
(47784 0)
(47848 0)
(47862 0)
(47869 0)
(47873 0)
(47881 0)
(47882 0)
(47888 0)
(47893 0)
(47895 0)
(47898 1)
(47900 0)
(47902 1)
(47905 0)
(47906 0)
(47909 0)
(47912 0)
(47914 0)
(47930 1)
(47932 0)
(47942 1)
(47944 0)
(47946 0)
(47952 2)
(47956 1)
(47960 0)
(47978 0)
(47982 0)
(47985 0)
(47990 0)
(48003 0)
(48023 0)
(48024 0)
(48032 2)
(48036 1)
(48040 3)
(48052 0)
(48055 0)
(48056 0)
(48061 0)
(48071 0)
(48073 0)
(48107 0)
(48112 0)
(48122 0)
(48125 0)
(48126 0)
(48168 1)
(48823 0)
(65037 0)
(65038 1)
(65041 0)
(65049 0)
(65050 0)
(65089 0)
(65093 0)
(65095 0)
(65101 0)
(65111 0)
(65114 0)
(65120 0)
(65123 0)
(65126 0)
(65131 0)
(65145 0)
(65160 0)
(65163 0)
(65164 1)
(65166 0)
(65177 0)
(65223 0)
(65236 1)
(65252 0)
(65266 0)
(65269 0)
(65272 0)
(65275 0)
(65284 0)
(65286 0)
(65305 0)
(65314 0)
(65320 2)
(65337 0)
(65338 0)
(65340 1)
(65343 0)
(65345 0)
(65346 0)
(65351 0)
(65368 0)
(65377 0)
(65382 0)
(65393 0)
(65411 0)
(65442 1)
(65449 0)
(65453 0)
(65458 0)
(65461 0)
(65462 0)
(65471 0)
(65516 1)
(65524 0)
(70078 0)
(70190 0)
(70333 0)
(70334 1)
(70336 1)
(70338 0)
(70422 0)
(70498 0)
(70501 0)
(70502 1)
(70506 0)
(70526 0)
(70533 0)
(70534 0)
(70537 0)
(70538 1)
(70572 1)
(70576 0)
(70618 1)
(70620 1)
(72572 0)
(74752 0)
(74756 0)
(74820 0)
(74841 0)
(74845 0)
(74964 0)
(74969 0)
(75169 0)
(75173 0)
(75174 0)
(75181 0)
(75184 0)
(75457 0)
(75493 0)
(75494 1)
(75496 1)
(75502 0)
(75516 0)
(75519 0)
(75719 0)
(75740 1)
(75742 0)
(75749 0)
(75768 0)
(75775 0)
(75780 1)
(75937 0)
(75938 1)
(75999 0)
(76016 1)
(76019 0)
(76020 0)
(76022 1)
(76034 1)
(76056 0)
(76185 0)
(76186 0)
(76191 0)
(76195 0)
(76196 0)
(76199 0)
(76202 0)
(76570 0)
(76574 0)
(76579 0)
(76581 0)
(76582 0)
(76590 0)
(76592 0)
(76613 0)
(76622 1)
(76630 0)
(76636 0)
(76638 0)
(76642 0)
(76733 0)
(76743 0)
(76748 0)
(76750 0)
(76779 0)
(76782 0)
(76789 0)
(76794 0)
(76796 0)
(76799 0)
(76945 0)
(76999 0)
(77002 1)
(77013 0)
(77016 0)
(77027 0)
(77028 1)
(77048 1)
(77051 0)
(77056 0)
(77058 1)
(77060 0)
(77063 0)
(77064 1)
(77066 0)
(77069 0)
(77070 1)
(77076 0)
(77080 0)
(77087 0)
(77094 0)
(77096 1)
(77100 1)
(77120 1)
(77198 1)
(77206 1)
(77216 0)
(77218 0)
(77220 0)
(77223 0)
(77233 0)
(77234 1)
(77245 0)
(77246 1)
(77250 1)
(77258 0)
(77261 0)
(77262 1)
(77264 1)
(77268 0)
(77287 0)
(77288 0)
(77291 0)
(77293 0)
(77298 1)
(77300 1)
(77374 0)
(77376 0)
(77379 0)
(77393 0)
(77451 0)
(77478 0)
(77483 0)
(77488 1)
(77490 0)
(77493 0)
(77494 1)
(77500 0)
(77502 1)
(77504 1)
(77506 0)
(77509 0)
(77512 0)
(77558 0)
(77560 2)
(77634 0)
(77641 0)
(77666 0)
(77669 0)
(77670 1)
(77672 0)
(77683 0)
(77688 0)
(77815 0)
(78912 1)
(78916 0)
(78924 0)
(78927 0)
(78929 0)
(78930 1)
(78932 0)
(79096 0)
(79100 0)
(79229 0)
(79230 1)
(79232 0)
(79236 0)
(79240 1)
(79244 0)
(79325 0)
(79326 1)
(79329 0)
(79330 1)
(79333 0)
(79334 1)
(79336 0)
(79348 0)
(79356 1)
(79358 0)
(79366 1)
(79377 0)
(79378 1)
(79514 0)
(79517 0)
(79538 0)
(79600 0)
(79653 0)
(79654 0)
(79668 0)
(79671 0)
(79676 0)
(79679 0)
(79683 0)
(79684 0)
(79694 1)
(79720 1)
(79728 1)
(79742 0)
(79761 0)
(79806 0)
(79809 0)
(79810 0)
(79812 1)
(80037 0)
(80074 1)
(80094 0)
(80112 0)
(80290 1)
(80318 0)
(80347 0)
(80433 0)
(80434 1)
(80437 0)
(80440 0)
(80485 0)
(80486 0)
(80488 0)
(80568 1)
(80571 0)
(80763 0)
(80795 0)
(80830 0)
(80832 0)
(80842 0)
(80880 0)
(80885 0)
(80890 1)
(81015 0)
(81017 0)
(81018 0)
(81025 0)
(81030 0)
(81044 0)
(81049 0)
(81050 1)
(81052 1)
(81054 0)
(81068 0)
(81072 0)
(81079 0)
(81101 0)
(81102 0)
(81106 0)
(81533 0)
(81535 0)
(81537 0)
(81538 0)
(81565 0)
(81568 0)
(81610 1)
(81620 1)
(81861 0)
(82103 0)
(82105 0)
(82391 0)
(82600 0)
(82604 2)
(82615 0)
(82616 0)
(82620 0)
(82623 0)
(82628 0)
(82708 2)
(82712 0)
(82761 0)
(82762 1)
(82768 0)
(82771 0)
(82773 0)
(82804 1)
(82806 0)
(82813 0)
(82835 0)
(82836 0)
(82839 0)
(82847 0)
(82848 1)
(84020 0)
(84025 0)
(84028 0)
(84031 0)
(84147 0)
(84148 0)
(84150 0)
(84161 0)
(84169 0)
(84175 0)
(84177 0)
(84178 0)
(84182 0)
(84196 1)
(84198 0)
(84213 0)
(84307 0)
(84308 0)
(84332 0)
(84334 0)
(84338 1)
(84341 0)
(84347 0)
(84349 0)
(84354 0)
(84363 0)
(84375 0)
(84377 0)
(84378 0)
(84400 1)
(84423 0)
(84444 0)
(84452 0)
(84456 0)
(84464 1)
(84467 0)
(84468 2)
(84472 2)
(84536 0)
(84539 0)
(84543 0)
(84544 3)
(84583 0)
(84705 0)
(84706 0)
(84709 0)
(84718 0)
(84722 0)
(84736 0)
(84742 0)
(84760 0)
(84857 0)
(84859 0)
(84860 0)
(85139 0)
(85140 1)
(85143 0)
(85150 1)
(85152 0)
(85158 0)
(85175 0)
(85177 0)
(85183 0)
(85185 0)
(85187 0)
(85192 0)
(85194 0)
(85203 0)
(85205 0)
(85221 0)
(85223 0)
(85224 0)
(85228 1)
(85245 0)
(85264 2)
(85298 1)
(85300 0)
(85325 0)
(85326 0)
(85368 0)
(85371 0)
(85376 0)
(85412 1)
(85448 2)
(85452 1)
(85454 0)
(85457 0)
(85467 0)
(85472 1)
(85476 0)
(85503 0)
(85505 0)
(85517 0)
(85519 0)
(85561 0)
(85562 1)
(85564 0)
(85579 0)
(85581 0)
(85584 0)
(85586 0)
(85604 0)
(85607 0)
(85608 0)
(85612 0)
(85637 0)
(85641 0)
(85653 0)
(85658 0)
(85662 0)
(85665 0)
(85668 0)
(85672 1)
(85684 0)
(85687 0)
(85691 0)
(85692 1)
(85704 0)
(85708 2)
(85728 0)
(85746 0)
(85749 0)
(85754 0)
(85756 0)
(85759 0)
(85776 0)
(85778 0)
(85781 0)
(85785 0)
(86003 0)
(86013 0)
(86051 0)
(86052 0)
(86054 0)
(86058 1)
(86069 0)
(86072 1)
(86075 0)
(86076 0)
(86078 0)
(86080 0)
(86117 0)
(86136 0)
(86202 0)
(86204 0)
(86206 1)
(86210 0)
(86214 1)
(86219 0)
(86220 0)
(86224 0)
(86288 1)
(86290 0)
(86334 0)
(86397 0)
(86400 0)
(86423 0)
(86513 0)
(86514 1)
(86516 0)
(86593 0)
(86594 0)
(86599 0)
(86601 0)
(86603 0)
(86605 0)
(86609 0)
(86611 0)
(86612 0)
(86616 0)
(86632 0)
(86639 0)
(86640 0)
(86644 0)
(86646 1)
(86663 0)
(86665 0)
(86667 0)
(86668 0)
(86671 0)
(86676 1)
(86679 0)
(86681 0)
(86691 0)
(86698 0)
(86703 0)
(86704 0)
(86710 0)
(86713 0)
(86717 0)
(86740 1)
(86743 0)
(86746 0)
(86760 0)
(86766 0)
(86773 0)
(86776 1)
(86786 1)
(86883 0)
(86946 1)
(87007 0)
(87011 0)
(87036 1)
(87068 1)
(87070 0)
(87075 0)
(87076 0)
(87079 0)
(87080 1)
(87092 0)
(87094 0)
(87113 0)
(87144 0)
(87146 0)
(87200 0)
(87204 1)
(87208 0)
(87234 0)
(87257 0)
(87261 0)
(87290 0)
(87293 0)
(87313 0)
(87314 1)
(87317 0)
(87451 0)
(87452 1)
(87472 0)
(87475 0)
(87476 0)
(87487 0)
(87516 0)
(87609 0)
(87815 0)
(87816 0)
(87818 0)
(87820 0)
(87823 0)
(87838 0)
(87842 0)
(87845 0)
(87850 0)
(87877 0)
(87878 1)
(87934 0)
(87936 0)
(88066 0)
(88070 0)
(88084 1)
(88086 0)
(88090 1)
(88092 0)
(88095 0)
(88102 1)
(88123 0)
(88140 1)
(88143 0)
(88162 0)
(88182 0)
(88218 0)
(88245 0)
(88246 0)
(88256 0)
(88259 0)
(88266 0)
(88272 0)
(88276 1)
(88278 0)
(88282 1)
(88284 1)
(88312 0)
(88316 2)
(88325 0)
(88333 0)
(88335 0)
(88338 0)
(88395 0)
(88407 0)
(88428 0)
(88453 0)
(88461 0)
(88462 0)
(88473 0)
(88492 0)
(88494 1)
(88496 1)
(88498 0)
(88500 0)
(88503 0)
(88506 1)
(88508 1)
(88510 0)
(88522 1)
(88524 0)
(88527 0)
(88530 1)
(88532 0)
(88538 0)
(88554 0)
(88567 0)
(88601 0)
(88602 1)
(88632 1)
(88634 0)
(88713 0)
(88714 0)
(88725 0)
(88731 0)
(88732 0)
(88738 1)
(88740 1)
(88743 0)
(88769 0)
(88770 0)
(88773 0)
(88875 0)
(88886 0)
(88892 1)
(88894 0)
(88900 0)
(88902 1)
(88907 0)
(88908 0)
(88950 1)
(88957 0)
(88968 0)
(88973 0)
(89001 0)
(89006 0)
(89009 0)
(89011 0)
(89016 0)
(89038 0)
(89045 0)
(89046 0)
(89048 0)
(89052 0)
(89073 0)
(89076 1)
(89083 0)
(89084 0)
(89097 0)
(89100 0)
(89104 0)
(89107 0)
(89118 0)
(89127 0)
(89175 0)
(89180 1)
(89214 1)
(89223 0)
(89226 0)
(89232 0)
(89241 0)
(89242 0)
(89245 0)
(89247 0)
(89248 1)
(89256 1)
(89258 0)
(89272 0)
(89276 0)
(89392 1)
(89395 0)
(89419 0)
(89421 0)
(89443 0)
(89446 0)
(89450 0)
(89453 0)
(89458 1)
(89460 2)
(89464 1)
(89466 0)
(89468 1)
(89471 0)
(89475 0)
(89486 0)
(89489 0)
(89493 0)
(89494 0)
(89520 1)
(89535 0)
(89540 0)
(89543 0)
(89558 1)
(89563 0)
(89578 0)
(89581 0)
(89584 0)
(89586 0)
(89594 1)
(89597 0)
(89598 0)
(89604 0)
(89607 0)
(89608 0)
(89612 0)
(89616 2)
(89621 0)
(89622 1)
(89625 0)
(89628 0)
(89635 0)
(89649 0)
(89650 1)
(89654 0)
(89661 0)
(89667 0)
(89676 0)
(89678 0)
(89687 0)
(89692 0)
(89694 0)
(89703 0)
(89717 0)
(89722 0)
(89731 0)
(89733 0)
(89735 0)
(89748 0)
(89781 0)
(89784 0)
(89791 0)
(89792 0)
(89828 1)
(89991 0)
(89995 0)
(89996 1)
(89999 0)
(90006 0)
(90013 0)
(90014 0)
(90055 0)
(90064 0)
(90066 0)
(90068 1)
(90070 0)
(90072 0)
(90078 0)
(90090 1)
(90127 0)
(90141 0)
(90147 0)
(90148 0)
(90152 0)
(90156 0)
(90162 0)
(90170 0)
(90174 0)
(90176 1)
(90178 0)
(90181 0)
(90184 0)
(90186 0)
(90189 0)
(90192 0)
(90214 0)
(90237 0)
(90242 1)
(90250 1)
(90263 0)
(90267 0)
(90268 1)
(90297 0)
(90306 0)
(90314 0)
(90337 0)
(90345 0)
(90346 0)
(90603 0)
(90606 0)
(90609 0)
(90612 1)
(90616 1)
(90624 0)
(90631 0)
(90640 1)
(90656 0)
(90661 0)
(90664 2)
(90673 0)
(90674 0)
(90680 2)
(90684 0)
(90686 1)
(90688 0)
(90693 0)
(90695 0)
(90696 0)
(90698 0)
(90700 2)
(90706 0)
(90713 0)
(90714 0)
(90728 0)
(90732 1)
(90735 0)
(90737 0)
(90738 1)
(90741 0)
(90749 0)
(90750 0)
(90752 1)
(90761 0)
(90762 0)
(90776 0)
(90778 0)
(90816 0)
(90861 0)
(90862 1)
(90923 0)
(90934 0)
(90937 0)
(90956 0)
(90994 0)
(90997 0)
(90999 0)
(91000 0)
(91013 0)
(91014 0)
(91021 0)
(91036 0)
(91057 0)
(91060 0)
(91075 0)
(91078 0)
(91081 0)
(91082 1)
(91092 1)
(91094 0)
(91107 0)
(91112 1)
(91117 0)
(91125 0)
(91129 0)
(91132 0)
(91136 0)
(91148 1)
(91150 0)
(91155 0)
(91162 0)
(91169 0)
(91171 0)
(91176 2)
(91180 1)
(91182 0)
(91187 0)
(91193 0)
(91200 0)
(91224 0)
(91233 0)
(91249 0)
(91266 0)
(91273 0)
(91274 0)
(91276 0)
(91279 0)
(91290 0)
(91295 0)
(91296 0)
(91344 1)
(91356 0)
(91486 1)
(91508 0)
(91513 0)
(91515 0)
(91516 0)
(91522 0)
(91529 0)
(91531 0)
(91532 0)
(91538 0)
(91546 1)
(91548 0)
(91551 0)
(91561 0)
(91562 0)
(91568 0)
(91571 0)
(91572 0)
(91575 0)
(91589 0)
(91591 0)
(91592 0)
(91594 0)
(91599 0)
(91603 0)
(91607 0)
(91608 0)
(91615 0)
(91618 0)
(91631 0)
(91636 0)
(91638 0)
(91645 0)
(91648 0)
(91651 0)
(91654 1)
(91658 0)
(91662 0)
(91689 0)
(91692 1)
(91694 0)
(91696 0)
(91703 0)
(91708 1)
(91722 1)
(91724 0)
(91728 0)
(91741 0)
(91817 0)
(91837 0)
(91853 0)
(91855 0)
(91858 0)
(91860 0)
(91865 0)
(91880 0)
(91882 0)
(91885 0)
(91911 0)
(91912 0)
(91935 0)
(91936 0)
(91939 0)
(91941 0)
(91969 0)
(91973 0)
(91975 0)
(92000 0)
(92038 1)
(92045 0)
(92046 1)
(92064 4)
(92081 0)
(92082 0)
(92099 0)
(92104 0)
(92107 0)
(92112 0)
(92118 0)
(92127 0)
(92138 0)
(92141 0)
(92145 0)
(92147 0)
(92150 0)
(92152 0)
(92158 0)
(92160 0)
(92162 1)
(92164 1)
(92170 0)
(92173 0)
(92184 1)
(92196 0)
(92202 1)
(92206 0)
(92215 0)
(92216 2)
(92220 0)
(92225 0)
(92226 0)
(92323 0)
(92341 0)
(92342 1)
(92357 0)
(92362 1)
(92365 0)
(92366 1)
(92369 0)
(92370 1)
(92382 0)
(92384 0)
(92393 0)
(92400 0)
(92403 0)
(92406 0)
(92409 0)
(92416 0)
(92418 0)
(92421 0)
(92423 0)
(92428 0)
(92431 0)
(92432 1)
(92438 0)
(92444 0)
(92447 0)
(92450 0)
(92467 0)
(92468 0)
(92471 0)
(92472 1)
(92474 0)
(92478 1)
(92487 0)
(92505 0)
(92526 1)
(92529 0)
(92536 0)
(92546 1)
(92555 0)
(92565 0)
(92585 0)
(92588 1)
(92590 0)
(92598 1)
(92602 0)
(92616 2)
(92620 1)
(92624 0)
(92626 0)
(92628 2)
(92673 0)
(92676 0)
(92678 0)
(92696 0)
(92705 0)
(92709 0)
(92735 0)
(92736 0)
(92738 0)
(92740 0)
(92743 0)
(92745 0)
(92747 0)
(92753 0)
(92754 1)
(92762 0)
(92788 0)
(92848 1)
(92924 1)
(92933 0)
(92934 0)
(92937 0)
(92938 0)
(92962 0)
(92980 1)
(92988 1)
(92990 0)
(92996 0)
(93000 0)
(93006 0)
(93013 0)
(93015 0)
(93020 1)
(93025 0)
(93034 0)
(93037 0)
(93038 0)
(93080 0)
(93088 0)
(93092 0)
(93094 0)
(93098 0)
(93101 0)
(93102 1)
(93108 1)
(93110 0)
(93112 1)
(93123 0)
(93168 1)
(93176 1)
(93184 0)
(93187 0)
(93194 1)
(93220 1)
(93223 0)
(93232 1)
(93235 0)
(93237 0)
(93238 1)
(93240 1)
(93253 0)
(93257 0)
(93280 1)
(93283 0)
(93284 0)
(93293 0)
(93296 0)
(93299 0)
(93300 0)
(93302 0)
(93318 0)
(93345 0)
(93346 1)
(93352 1)
(93354 0)
(93357 0)
(93358 1)
(93368 0)
(93373 0)
(93380 2)
(93416 0)
(93425 0)
(93427 0)
(93432 0)
(93435 0)
(93443 0)
(93498 1)
(93501 0)
(93513 0)
(93514 0)
(93520 0)
(93557 0)
(93558 0)
(93580 1)
(93582 0)
(93590 1)
(93592 0)
(93594 1)
(93596 0)
(93599 0)
(93621 0)
(93622 0)
(93624 1)
(93627 0)
(93628 0)
(93642 0)
(93644 0)
(93665 0)
(93671 0)
(93672 1)
(93674 0)
(93714 0)
(93744 2)
(93778 0)
(93825 0)
(93900 1)
(93924 2)
(93930 0)
(93932 2)
(93946 1)
(93948 0)
(93952 0)
(93954 1)
(93962 1)
(93964 0)
(93966 1)
(93969 0)
(93970 1)
(93978 0)
(94027 0)
(94053 0)
(94057 0)
(94069 0)
(94070 1)
(94072 0)
(94074 1)
(94076 0)
(94078 0)
(94081 0)
(94088 1)
(94090 0)
(94097 0)
(94098 0)
(94100 0)
(94107 0)
(94109 0)
(94110 1)
(94127 0)
(94133 0)
(94136 0)
(94140 0)
(94148 0)
(94150 0)
(94160 0)
(94176 0)
(94181 0)
(94205 0)
(94215 0)
(94220 1)
(94226 1)
(94230 1)
(94242 0)
(94244 1)
(94383 0)
(94396 1)
(94398 0)
(94450 0)
(94452 0)
(94480 0)
(94496 0)
(94518 1)
(94540 0)
(94545 0)
(94546 1)
(94559 0)
(94561 0)
(94563 0)
(94569 0)
(94575 0)
(94584 0)
(94586 0)
(94588 0)
(94608 0)
(94616 1)
(94656 0)
(94680 0)
(94688 0)
(94697 0)
(94713 0)
(94740 1)
(94747 0)
(94748 0)
(94760 0)
(94764 1)
(94773 0)
(94774 0)
(94787 0)
(94790 1)
(94792 0)
(94794 0)
(94796 1)
(94801 0)
(94803 0)
(94816 0)
(94821 0)
(94824 0)
(94828 0)
(94830 0)
(94842 0)
(94848 0)
(94858 0)
(94897 0)
(94898 1)
(94900 0)
(94902 1)
(94913 0)
(94914 0)
(94924 0)
(94928 1)
(94930 0)
(94936 1)
(94938 0)
(94941 0)
(94942 1)
(94954 1)
(94957 0)
(94968 1)
(94975 0)
(94976 1)
(94980 0)
(94988 0)
(94995 0)
(95004 1)
(95006 0)
(95018 0)
(95087 0)
(95106 1)
(95109 0)
(95112 1)
(95163 0)
(95169 0)
(95173 0)
(95177 0)
(95189 0)
(95198 0)
(95204 1)
(95216 0)
(95225 0)
(95234 0)
(95255 0)
(95326 1)
(95331 0)
(95340 0)
(95342 1)
(95382 0)
(95411 0)
(95416 0)
(95442 0)
(95454 0)
(95472 0)
(95475 0)
(95477 0)
(95481 0)
(95483 0)
(95486 0)
(95526 0)
(95532 0)
(95559 0)
(95561 0)
(95565 0)
(95575 0)
(95601 0)
(95609 0)
(95610 1)
(95624 0)
(95654 0)
(95674 1)
(95676 2)
(95704 0)
(95742 0)
(95744 0)
(95747 0)
(95753 0)
(95756 1)
(95758 0)
(95769 0)
(95771 0)
(95773 0)
(95780 0)
(95796 1)
(95808 0)
(95830 1)
(95861 0)
(95866 0)
(95922 0)
(95951 0)
(95958 0)
(95978 0)
(96002 0)
(96014 0)
(96025 0)
(96044 1)
(96056 0)
(96073 0)
(96078 0)
(96081 0)
(96086 0)
(96091 0)
(96092 0)
(96094 0)
(96128 0)
(96130 1)
(96168 1)
(96204 0)
(96208 0)
(96213 0)
(96257 0)
(96258 1)
(96271 0)
(96295 0)
(96300 1)
(96302 0)
(96306 1)
(96308 1)
(96323 0)
(96328 2)
(96338 0)
(96340 1)
(96342 0)
(96344 1)
(96347 0)
(96363 0)
(96365 0)
(96401 0)
(96402 0)
(96405 0)
(96406 0)
(96409 0)
(96410 1)
(96476 0)
(96481 0)
(96511 0)
(96512 0)
(96554 0)
(96556 0)
(96568 0)
(96576 0)
(96578 0)
(96581 0)
(96587 0)
(96588 1)
(96590 0)
(96593 0)
(96598 0)
(96603 0)
(96605 0)
(96638 0)
(96659 0)
(96664 1)
(96666 0)
(96668 2)
(96712 0)
(96718 1)
(96724 0)
(96762 0)
(96786 0)
(96796 0)
(96798 1)
(96805 0)
(96823 0)
(96829 0)
(96830 0)
(96832 0)
(96839 0)
(96840 1)
(96842 0)
(96844 1)
(96848 0)
(96876 0)
(96878 0)
(96885 0)
(96887 0)
(96889 0)
(96890 0)
(96892 0)
(96894 1)
(96904 0)
(96929 0)
(96941 0)
(96984 0)
(97045 0)
(97048 1)
(97050 0)
(97053 0)
(97057 0)
(97062 0)
(97097 0)
(97099 0)
(97102 0)
(97126 0)
(97182 0)
(97199 0)
(97200 1)
(97259 0)
(97276 1)
(97322 1)
(97326 1)
(97344 1)
(97346 0)
(97383 0)
(97412 1)
(97445 0)
(97450 0)
(97458 1)
(97468 1)
(97470 0)
(97474 0)
(97507 0)
(97516 0)
(97528 0)
(97530 1)
(97536 1)
(97569 0)
(97570 1)
(97580 1)
(97583 0)
(97594 1)
(97596 0)
(97602 1)
(97604 2)
(97616 0)
(97619 0)
(97628 1)
(97635 0)
(97637 0)
(97638 0)
(97643 0)
(97649 0)
(97653 0)
(97658 0)
(97662 1)
(97688 2)
(97701 0)
(97702 1)
(97707 0)
(97710 0)
(97716 0)
(97720 2)
(97726 0)
(97737 0)
(97740 0)
(97784 1)
(97787 0)
(97788 2)
(97798 1)
(97850 0)
(97853 0)
(97861 0)
(97872 0)
(97874 0)
(97876 0)
(97888 0)
(97890 0)
(97898 0)
(97902 0)
(97906 1)
(97911 0)
(97923 0)
(97924 0)
(97937 0)
(97940 0)
(97949 0)
(97957 0)
(97958 1)
(97968 1)
(97970 0)
(97979 0)
(97981 0)
(97983 0)
(98001 0)
(98004 2)
(98010 0)
(98015 0)
(98016 1)
(98018 0)
(98024 2)
(98028 1)
(98052 0)
(98055 0)
(98058 0)
(98061 0)
(98104 1)
(98123 0)
(98124 0)
(98126 0)
(98128 3)
(98146 0)
(98151 0)
(98152 2)
(98159 0)
(98160 0)
(98177 0)
(98178 1)
(98180 1)
(98183 0)
(98204 1)
(98211 0)
(98212 0)
(98215 0)
(98223 0)
(98226 0)
(98228 0)
(98235 0)
(98248 0)
(98250 0)
(98267 0)
(98268 0)
(98272 0)
(98288 0)
(98298 0)
(98303 0)
(98320 0)
(98337 0)
(98341 0)
(98343 0)
(98430 1)
(98433 0)
(98435 0)
(98436 1)
(98438 0)
(98528 0)
(98536 0)
(98550 1)
(98555 0)
(98563 0)
(98608 2)
(98616 1)
(98619 0)
(98620 0)
(98634 0)
(98644 1)
(98646 0)
(98648 1)
(98652 0)
(98664 0)
(98680 1)
(98693 0)
(98698 1)
(98700 2)
(98704 0)
(98709 0)
(98729 0)
(98733 0)
(98734 0)
(98736 0)
(98740 0)
(98743 0)
(98746 0)
(98749 0)
(98751 0)
(98786 0)
(98840 0)
(98853 0)
(98854 1)
(98858 0)
(98878 0)
(98895 0)
(98896 2)
(98900 0)
(98902 0)
(98937 0)
(98940 0)
(98959 0)
(98961 0)
(98966 0)
(98992 1)
(99004 1)
(99007 0)
(99011 0)
(99021 0)
(99024 0)
(99026 0)
(99028 0)
(99031 0)
(99044 0)
(99051 0)
(99062 0)
(99064 0)
(99088 1)
(99092 2)
(99098 1)
(99122 0)
(99127 0)
(99131 0)
(99135 0)
(99140 1)
(99144 1)
(99146 0)
(99148 0)
(99187 0)
(99189 0)
(99191 0)
(99192 1)
(99195 0)
(99196 0)
(99204 1)
(99207 0)
(99208 0)
(99239 0)
(99243 0)
(99244 1)
(99246 0)
(99248 0)
(99255 0)
(99264 0)
(99266 1)
(99297 0)
(99325 0)
(99326 0)
(101410 0)
(101422 1)
(102476 0)
(102515 0)
(102539 0)
(102541 0)
(102550 0)
(102596 0)
(103418 1)
(103618 1)
(103832 0)
(104004 1)
(104051 0)
(104260 0)
(104384 1)
(104931 0)
(104976 0)
(104980 1)
(104983 0)
(105060 1)
(105103 0)
(105450 1)
(105452 2)
(105464 2)
(107230 0)
(109472 0)
(109648 3)
(109672 2)
(109704 3)
(110074 0)
(110144 1)
(110289 0)
(110293 0)
(110310 0)
(110390 1)
(110452 1)
(110473 0)
(110504 3)
(110557 0)
(110657 0)
(110681 0)
(111021 0)
(111032 0)
(111858 0)
(112683 0)
(112690 0)
(112698 1)
(112707 0)
(112708 0)
(112731 0)
(112732 1)
(112736 0)
(112748 0)
(112750 0)
(112771 0)
(112781 0)
(112795 0)
(112802 0)
(112813 0)
(112882 0)
(112890 0)
(112893 0)
(112894 0)
(112901 0)
(112914 0)
(112947 0)
(112953 0)
(112963 0)
(112968 0)
(112970 0)
(112972 0)
(112981 0)
(112984 0)
(112990 0)
(112992 0)
(112994 0)
(112997 0)
(113026 0)
(113033 0)
(113034 0)
(113039 0)
(113040 0)
(113043 0)
(113050 0)
(113083 0)
(113084 0)
(113407 0)
(113411 0)
(113557 0)
(113558 1)
(113564 1)
(113566 0)
(113580 0)
(113582 0)
(113618 0)
(113638 1)
(113640 1)
(113643 0)
(113644 1)
(113648 2)
(113652 1)
(113700 2)
(114449 0)
(114500 1)
(114680 1)
(114934 1)
(117626 1)
(118374 1)
(118599 0)
(118828 1)
(118830 0)
(119298 1)
(119400 0)
(119402 1)
(119404 1)
(119818 0)
(120022 0)
(120242 1)
(120490 0)
(120740 1)
(120911 0)
(121136 1)
(121144 1)
(121179 0)
(121215 0)
(121502 0)
(121524 0)
(121585 0)
(121674 1)
(122065 0)
(122084 0)
(122086 0)
(122340 0)
(126077 0)
(126175 0)
(135817 0)
(139720 0)
(139731 0)
(141000 1)
(141408 1)
(141860 1)
(141991 0)
(141994 0)
(142141 0)
(142162 1)
(142252 1)
(142356 0)
(142752 0)
(143097 0)
(143467 0)
(143472 0)
(143474 0)
(143498 0)
(143502 0)
(143580 0)
(143586 0)
(143590 1)
(143594 1)
(143600 0)
(143602 1)
(143604 2)
(143609 0)
(143610 1)
(143612 1)
(143615 0)
(143616 1)
(143619 0)
(143620 1)
(143622 0)
(143627 0)
(143632 1)
(143634 0)
(143689 0)
(143707 0)
(143709 0)
(143726 1)
(143749 0)
(143750 1)
(143878 1)
(144033 0)
(144100 1)
(144212 0)
(144214 1)
(144224 1)
(144227 0)
(144231 0)
(145956 1)
(149894 1)
(152109 0)
(154002 1)
(154090 1)
(154624 0)
(154626 0)
(154635 0)
(154680 1)
(154744 0)
(154746 1)
(154776 1)
(154778 0)
(154780 1)
(154791 0)
(154792 0)
(155190 1)
(155648 1)
(155657 0)
(155658 1)
(155660 2)
(155664 3)
(155672 2)
(155676 1)
(155679 0)
(155680 3)
(155688 1)
(155690 0)
(155701 0)
(155702 1)
(155706 1)
(155709 0)
(155710 1)
(155738 1)
(155740 2)
(155750 1)
(155752 3)
(155760 3)
(155768 2)
(155772 1)
(155813 0)
(155855 0)
(155856 0)
(156074 1)
(156323 0)
(156325 0)
(156355 0)
(156356 0)
(156358 1)
(156447 0)
(156456 1)
(156461 0)
(156486 1)
(156491 0)
(156493 0)
(156496 1)
(156499 0)
(156514 1)
(156652 0)
(156774 1)
(156809 0)
(156814 0)
(156822 0)
(156825 0)
(156826 0)
(156831 0)
(156832 0)
(157012 1)
(157086 0)
(157106 0)
(157147 0)
(157150 0)
(157242 1)
(157246 1)
(157514 1)
(157516 0)
(157518 1)
(157520 0)
(157522 1)
(157525 0)
(157541 0)
(157566 0)
(157569 0)
(157570 1)
(157588 0)
(157646 1)
(157648 1)
(157666 0)
(157693 0)
(157695 0)
(157812 2)
(157818 1)
(157981 0)
(158015 0)
(158029 0)
(158036 0)
(158168 0)
(158275 0)
(158280 0)
(158288 0)
(158320 1)
(158354 1)
(158356 1)
(158358 0)
(158360 1)
(158372 0)
(158374 1)
(158376 0)
(158637 0)
(158944 1)
(158946 0)
(158954 1)
(159174 1)
(159242 1)
(159476 1)
(159480 1)
(159482 0)
(159582 1)
(159584 0)
(159586 1)
(159608 0)
(159620 1)
(159624 1)
(159698 1)
(159729 0)
(159812 1)
(159892 1)
(159894 0)
(160036 1)
(160340 1)
(160476 0)
(160764 1)
(160766 0)
(161686 0)
(161720 1)
(162204 1)
(166054 1)
(166846 1)
(166912 0)
(166921 0)
(166932 0)
(166942 0)
(166949 0)
(166959 0)
(166993 0)
(167017 0)
(167018 0)
(167020 0)
(167023 0)
(167028 0)
(167041 0)
(167056 1)
(167080 1)
(167093 0)
(167095 0)
(167096 0)
(167101 0)
(167108 0)
(167116 0)
(167119 0)
(167128 0)
(167132 0)
(167147 0)
(167160 0)
(167162 0)
(167166 0)
(167174 1)
(167184 0)
(167186 0)
(167189 0)
(167191 0)
(167192 1)
(167194 0)
(167205 0)
(167225 0)
(167229 0)
(167232 0)
(167234 0)
(167236 1)
(167273 0)
(167277 0)
(167306 0)
(167336 0)
(167346 0)
(167359 0)
(167373 0)
(167383 0)
(167415 0)
(167416 1)
(167418 0)
(167421 0)
(167422 0)
(167480 1)
(167482 0)
(167487 0)
(167491 0)
(167498 1)
(167502 0)
(167504 1)
(167608 0)
(167611 0)
(167612 1)
(167617 0)
(167618 1)
(167620 1)
(167626 1)
(167632 1)
(167646 1)
(167649 0)
(167650 1)
(167652 2)
(167662 1)
(167668 1)
(167670 0)
(167674 1)
(167676 0)
(167680 0)
(167682 1)
(167684 2)
(167701 0)
(167702 1)
(167704 0)
(167709 0)
(167711 0)
(167712 0)
(167719 0)
(167720 0)
(167730 1)
(167732 0)
(167734 1)
(167736 0)
(167746 1)
(167763 0)
(167764 1)
(167768 1)
(167771 0)
(167772 0)
(168098 1)
(168568 1)
(168835 0)
(168864 1)
(168915 0)
(169180 2)
(169340 2)
(169868 2)
(169872 2)
(169884 2)
(169894 1)
(170109 0)
(170110 1)
(170124 0)
(170258 1)
(170459 0)
(170555 0)
(170684 0)
(170918 1)
(171097 0)
(171230 1)
(171354 1)
(171684 2)
(171772 1)
(172118 1)
(172199 0)
(172208 1)
(172224 1)
(172392 1)
(172450 1)
(172858 1)
(172996 1)
(173306 0)
(173510 1)
(174188 2)
(174772 2)
(174935 0)
(175100 0)
(175118 1)
(175278 1)
(175286 1)
(175314 1)
(175336 2)
(175344 1)
(175476 1)
(175482 1)
(175638 0)
(175682 1)
(175750 1)
(175766 1)
(175824 1)
(175858 1)
(175860 1)
(176020 1)
(176026 1)
(176028 1)
(176388 1)
(176777 0)
(176780 0)
(176992 1)
(177261 0)
(177345 0)
(177414 1)
(177466 1)
(177490 1)
(177976 1)
(178000 1)
(178036 1)
(182822 1)
(182845 0)
(182862 1)
(183375 0)
(183834 1)
(183838 1)
(183844 1)
(183906 1)
(185153 0)
(185302 1)
(185374 1)
(185566 1)
(185692 1)
(185838 1)
(186461 0)
(186834 1)
(187166 1)
(187635 0)
(187637 0)
(187638 0)
(188044 1)
(188060 1)
(188624 1)
(188658 1)
(188712 1)
(188732 1)
(188764 1)
(188780 1)
(188797 0)
(188812 1)
(188828 1)
(188980 1)
(188996 0)
(194930 0)
(194932 0)
(197380 1)
(204801 0)
(204807 0)
(204816 0)
(204823 0)
(204825 0)
(204828 0)
(204844 1)
(204849 0)
(204854 1)
(204861 0)
(204867 0)
(204869 0)
(204871 0)
(204887 0)
(204889 0)
(204890 0)
(204894 0)
(204896 0)
(204900 1)
(204904 1)
(204930 0)
(204939 0)
(204948 1)
(204950 0)
(204964 0)
(204974 0)
(204978 1)
(204985 0)
(204999 0)
(205000 2)
(205022 0)
(205028 1)
(205031 0)
(205048 1)
(205052 1)
(205054 0)
(205072 1)
(205075 0)
(205080 0)
(205085 0)
(205093 0)
(205101 0)
(205102 0)
(205105 0)
(205108 0)
(205122 0)
(205125 0)
(205130 1)
(205132 1)
(205137 0)
(205138 0)
(205141 0)
(205142 0)
(205144 0)
(205148 0)
(205150 1)
(205163 0)
(205166 0)
(205170 0)
(205172 0)
(205180 1)
(205187 0)
(205191 0)
(205192 0)
(205203 0)
(205210 1)
(205220 0)
(205232 0)
(205235 0)
(205238 0)
(205246 1)
(205254 1)
(205286 1)
(205290 0)
(205292 0)
(205296 0)
Node 0, zone  HighMem pfn_map[205312 786432]
(205824 1)
(205829 0)
(205830 1)
(205833 0)
(205834 0)
(205836 1)
(205842 1)
(205845 0)
(205846 1)
(205849 0)
(205850 0)
(205852 0)
(205856 2)
(205860 1)
(205863 0)
(205865 0)
(205866 1)
(205868 0)
(205870 1)
(205872 0)
(205875 0)
(205876 1)
(205879 0)
(205880 0)
(205882 1)
(205884 0)
(205886 1)
(205888 0)
(205892 1)
(205895 0)
(205897 0)
(205898 1)
(205900 2)
(205904 4)
(205920 3)
(205928 2)
(205932 1)
(205935 0)
(205936 4)
(205952 4)
(205968 2)
(205973 0)
(205974 1)
(205977 0)
(205978 1)
(205980 2)
(205984 3)
(205992 2)
(205996 0)
(206000 4)
(206016 2)
(206020 0)
(206022 1)
(206024 0)
(206026 1)
(206029 0)
(206030 1)
(206033 0)
(206035 0)
(206037 0)
(206038 0)
(206040 1)
(206042 0)
(206044 1)
(206046 0)
(206052 0)
(206054 0)
(206057 0)
(206059 0)
(206060 1)
(206063 0)
(206784 6)
(206881 0)
(206882 1)
(206884 2)
(206888 3)
(206896 2)
(206900 1)
(206906 1)
(206909 0)
(206910 1)
(206912 0)
(206914 1)
(206916 1)
(206920 2)
(206925 0)
(206926 1)
(206928 0)
(206930 1)
(206932 1)
(206941 0)
(206942 1)
(206944 2)
(206948 1)
(206997 0)
(206998 1)
(207000 2)
(207004 1)
(207038 1)
(207046 1)
(207048 2)
(207052 0)
(207054 1)
(207056 3)
(207064 2)
(207074 1)
(207077 0)
(207078 1)
(207088 2)
(207136 3)
(207157 0)
(207158 1)
(207160 3)
(207168 3)
(207176 2)
(207193 0)
(207194 1)
(207196 1)
(207240 1)
(207243 0)
(207244 1)
(207247 0)
(207248 1)
(207251 0)
(207252 2)
(207265 0)
(207266 1)
(207280 1)
(207283 0)
(207288 0)
(207290 1)
(207296 2)
(207300 1)
(207302 0)
(207310 1)
(207360 2)
(207364 1)
(207368 2)
(207372 1)
(207376 1)
(207378 0)
(207380 2)
(207384 3)
(207392 0)
(207394 1)
(207396 2)
(207400 2)
(207406 1)
(207412 2)
(207416 2)
(207420 1)
(207437 0)
(207438 1)
(207440 1)
(207442 0)
(207444 1)
(207446 0)
(207448 3)
(207472 3)
(207484 0)
(207486 1)
(207488 1)
(207492 2)
(207497 0)
(207498 1)
(207532 2)
(207548 2)
(207552 2)
(207582 1)
(207588 2)
(207592 3)
(207600 2)
(207604 1)
(207614 1)
(207620 2)
(207625 0)
(207626 1)
(207629 0)
(207630 1)
(207632 2)
(207638 1)
(207640 3)
(207648 2)
(207652 1)
(207654 0)
(207664 3)
(207672 2)
(207676 1)
(207679 0)
(207680 3)
(207688 2)
(207692 1)
(207694 0)
(207712 0)
(207714 1)
(207716 2)
(207720 3)
(207729 0)
(207730 1)
(207732 2)
(207736 3)
(207744 1)
(207747 0)
(207748 2)
(207752 3)
(207776 3)
(207785 0)
(207786 1)
(207788 2)
(207792 3)
(207800 2)
(207808 2)
(207814 1)
(207816 0)
(207818 1)
(207825 0)
(207826 1)
(207829 0)
(207830 1)
(207832 2)
(207836 1)
(207838 0)
(207840 1)
(207842 0)
(207850 1)
(207852 0)
(207854 1)
(207858 1)
(207868 1)
(207871 0)
(207873 0)
(207874 1)
(207876 1)
(207880 2)
(207884 1)
(207888 2)
(207892 0)
(207895 0)
(207897 0)
(207898 1)
(207900 1)
(207903 0)
(207905 0)
(207906 1)
(207908 1)
(207911 0)
(207913 0)
(207914 1)
(207916 1)
(207920 2)
(207924 1)
(207928 2)
(207932 0)
(207934 0)
(207936 2)
(207940 0)
(207942 0)
(207944 0)
(207946 0)
(207949 0)
(207950 1)
(207952 1)
(207954 0)
(207957 0)
(207960 0)
(207963 0)
(207965 0)
(207967 0)
(207970 0)
(207972 0)
(207976 1)
(207979 0)
(207980 0)
(207983 0)
(207986 0)
(207988 0)
(207991 0)
(207994 0)
(207996 0)
(207998 0)
(208001 0)
(208003 0)
(208004 2)
(208009 0)
(208011 0)
(208012 2)
(208018 0)
(208020 2)
(208024 0)
(208026 0)
(208029 0)
(208032 0)
(208035 0)
(208036 0)
(208061 0)
(208069 0)
(208072 0)
(208076 0)
(208082 1)
(208084 2)
(208094 0)
(208097 0)
(208099 0)
(208108 2)
(208112 1)
(208114 0)
(208116 2)
(208120 2)
(208124 1)
(208127 0)
(208128 5)
(208160 3)
(208168 1)
(208171 0)
(208172 1)
(208174 0)
(208176 2)
(208182 1)
(208184 1)
(208187 0)
(208188 2)
(208192 2)
(208205 0)
(208206 1)
(208212 1)
(208214 0)
(208217 0)
(208218 1)
(208220 2)
(208224 5)
(208257 0)
(208258 1)
(208260 2)
(208264 3)
(208272 0)
(208274 1)
(208276 2)
(208280 3)
(208288 5)
(208350 0)
(208352 0)
(208354 1)
(208359 0)
(208360 1)
(208362 0)
(208373 0)
(208374 1)
(208376 3)
(208384 3)
(208392 1)
(208394 0)
(208399 0)
(208400 1)
(208404 1)
(208406 0)
(208420 1)
(208422 0)
(208427 0)
(208434 0)
(208469 0)
(208480 0)
(208485 0)
(208488 0)
(208490 0)
(208492 0)
(208494 0)
(208496 0)
(208508 1)
(208510 0)
(208515 0)
(208555 0)
(208556 2)
(208560 0)
(208568 0)
(208579 0)
(208594 1)
(208596 2)
(208600 2)
(208604 1)
(208606 0)
(208617 0)
(208618 0)
(208642 1)
(208644 2)
(208648 0)
(208650 1)
(208653 0)
(208672 0)
(208676 2)
(208680 2)
(208684 1)
(208687 0)
(208688 4)
(208704 2)
(208708 1)
(208710 0)
(208721 0)
(208762 1)
(208764 1)
(208766 0)
(208768 3)
(208776 2)
(208781 0)
(208782 1)
(208784 2)
(208789 0)
(208790 1)
(208792 2)
(208796 0)
(208798 1)
(208800 0)
(208804 1)
(208806 0)
(208819 0)
(208845 0)
(208846 0)
(208848 0)
(208859 0)
(208860 0)
(209070 1)
(209076 1)
(209080 1)
(209092 2)
(209096 1)
(209130 1)
(209132 2)
(209136 2)
(209142 1)
(209148 1)
(209369 0)
(209370 1)
(209372 2)
(209376 3)
(209384 2)
(209388 1)
(209391 0)
(209392 4)
(209408 3)
(209416 1)
(209489 0)
(209490 1)
(209492 2)
(209496 3)
(209504 2)
(209508 0)
(209510 1)
(209512 3)
(209520 4)
(209536 4)
(209552 0)
(209555 0)
(209556 2)
(209560 3)
(209568 5)
(209600 0)
(209602 1)
(209607 0)
(209613 0)
(209620 1)
(209626 0)
(209631 0)
(209632 0)
(209647 0)
(209648 1)
(209650 0)
(209654 0)
(209670 1)
(209672 1)
(209674 0)
(209679 0)
(209681 0)
(209682 1)
(209684 1)
(209688 2)
(209692 1)
(209696 2)
(209700 0)
(209702 0)
(209704 2)
(209708 0)
(209710 0)
(209713 0)
(209714 1)
(209716 1)
(209719 0)
(209721 0)
(209722 1)
(209724 1)
(209728 2)
(209732 1)
(209736 0)
(209738 0)
(209740 2)
(209744 0)
(209747 0)
(209748 2)
(209752 0)
(209755 0)
(209756 2)
(209760 0)
(209763 0)
(209765 0)
(209766 1)
(209768 1)
(209771 0)
(209773 0)
(209774 1)
(209776 1)
(209780 2)
(209784 1)
(209788 2)
(209792 0)
(209794 0)
(209796 0)
(209799 0)
(209800 2)
(209804 0)
(209807 0)
(209808 2)
(209813 0)
(209815 0)
(209816 2)
(209821 0)
(209824 0)
(209826 0)
(209828 2)
(209832 0)
(209835 0)
(209837 0)
(209838 1)
(209840 1)
(209843 0)
(209845 0)
(209847 0)
(209848 2)
(209854 1)
(209856 2)
(209862 1)
(209864 1)
(209866 0)
(209868 0)
(209870 1)
(209872 1)
(209874 0)
(209876 0)
(209883 0)
(209896 0)
(209898 0)
(209900 2)
(209904 0)
(209906 0)
(209908 2)
(209912 0)
(209915 0)
(209917 0)
(209919 0)
(209921 0)
(209922 1)
(210090 0)
(210165 0)
(210166 1)
(210168 1)
(210170 0)
(210173 0)
(210174 1)
(210176 0)
(210212 2)
(210216 2)
(210234 1)
(210236 2)
(210318 1)
(210320 1)
(210436 1)
(210460 2)
(210514 1)
(210520 1)
(210552 2)
(210556 1)
(210572 1)
(210596 1)
(210616 2)
(210620 1)
(210624 2)
(210628 1)
(210644 2)
(210648 3)
(210662 1)
(210672 1)
(210678 1)
(210680 2)
(210686 1)
(210698 1)
(210714 1)
(210728 1)
(210742 1)
(210756 1)
(210770 1)
(210950 0)
(210952 0)
(210955 0)
(210958 0)
(210961 0)
(210976 0)
(210979 0)
(210981 0)
(211016 1)
(211023 0)
(211026 1)
(211028 2)
(211039 0)
(211043 0)
(211045 0)
(211048 0)
(211050 0)
(211056 0)
(211058 0)
(211060 0)
(211062 0)
(211064 0)
(211068 0)
(211071 0)
(211073 0)
(211084 0)
(211090 1)
(211092 1)
(211094 0)
(211096 1)
(211099 0)
(211100 0)
(211103 0)
(211106 0)
(211108 1)
(211111 0)
(211113 0)
(211115 0)
(211123 0)
(211124 0)
(211126 1)
(211150 1)
(211152 0)
(211157 0)
(211158 1)
(211165 0)
(211167 0)
(211168 0)
(211173 0)
(211174 1)
(211176 1)
(211178 0)
(211187 0)
(211188 1)
(211191 0)
(211192 2)
(211196 0)
(211198 1)
(211200 1)
(211202 0)
(211204 1)
(211209 0)
(211210 1)
(211212 2)
(211216 1)
(211219 0)
(211220 2)
(211224 2)
(211228 0)
(211232 1)
(211239 0)
(211240 1)
(211243 0)
(211244 2)
(211248 2)
(211252 0)
(211256 1)
(211258 0)
(211260 1)
(211262 0)
(211264 1)
(211266 0)
(211268 1)
(211270 0)
(211280 2)
(211284 1)
(211287 0)
(211288 1)
(211291 0)
(211293 0)
(211295 0)
(211296 1)
(211299 0)
(211300 1)
(211305 0)
(211306 1)
(211309 0)
(211314 1)
(211317 0)
(211318 1)
(211320 2)
(211324 1)
(211326 0)
(211330 1)
(211332 2)
(211336 3)
(211344 1)
(211347 0)
(211348 0)
(211350 1)
(211352 3)
(211360 2)
(211364 0)
(211366 1)
(211368 2)
(211372 1)
(211374 0)
(211376 3)
(211384 1)
(211386 0)
(211388 1)
(211390 0)
(211396 1)
(211398 0)
(211400 1)
(211402 0)
(211404 1)
(211406 0)
(211410 1)
(211412 2)
(211416 3)
(211425 0)
(211426 0)
(211429 0)
(211430 1)
(211433 0)
(211434 1)
(211437 0)
(211438 1)
(211442 1)
(211444 1)
(211446 0)
(211448 1)
(211451 0)
(211452 2)
(211456 0)
(211458 0)
(211462 1)
(211467 0)
(211468 1)
(211471 0)
(211472 1)
(211475 0)
(211476 1)
(211479 0)
(211481 0)
(211482 0)
(211484 1)
(211486 0)
(211488 1)
(211490 0)
(211492 1)
(211494 0)
(211496 1)
(211498 0)
(211502 1)
(211504 0)
(211506 1)
(211508 2)
(211512 3)
(211520 1)
(211523 0)
(211524 1)
(211527 0)
(211528 1)
(211531 0)
(211532 1)
(211535 0)
(211536 1)
(211539 0)
(211540 1)
(211543 0)
(211544 1)
(211548 1)
(211550 0)
(211552 1)
(211554 0)
(211556 1)
(211558 0)
(211560 1)
(211562 0)
(211564 1)
(211566 0)
(211568 1)
(211570 0)
(211572 1)
(211574 0)
(211577 0)
(211578 1)
(211580 2)
(211584 2)
(211589 0)
(211590 1)
(211592 3)
(211600 4)
(211616 3)
(211624 0)
(211626 1)
(211628 1)
(211631 0)
(211632 1)
(211637 0)
(211638 1)
(211641 0)
(211642 0)
(211644 1)
(211646 0)
(211648 1)
(211650 0)
(211652 1)
(211654 0)
(211656 1)
(211658 0)
(211660 1)
(211662 0)
(211664 1)
(211666 0)
(211668 1)
(211670 0)
(211672 1)
(211674 0)
(211676 1)
(211678 0)
(211680 1)
(211682 0)
(211684 1)
(211686 0)
(211688 1)
(211690 0)
(211692 1)
(211694 0)
(211696 1)
(211698 0)
(211700 1)
(211702 0)
(211704 1)
(211706 0)
(211708 1)
(211710 0)
(211713 0)
(211714 1)
(211716 2)
(211720 2)
(211724 0)
(211726 1)
(211728 4)
(211744 4)
(211761 0)
(211762 1)
(211764 2)
(211768 2)
(211773 0)
(211774 1)
(211777 0)
(211778 1)
(211781 0)
(211782 1)
(211785 0)
(211786 1)
(211789 0)
(211790 1)
(211794 1)
(211796 0)
(211798 1)
(211800 0)
(211802 1)
(211804 0)
(211806 1)
(211808 0)
(211810 1)
(211812 0)
(211814 1)
(211816 3)
(211824 2)
(211828 1)
(211830 0)
(211832 3)
(211840 4)
(211856 2)
(211862 1)
(211864 3)
(211872 3)
(211880 1)
(211882 0)
(211884 2)
(211888 4)
(211904 0)
(211906 1)
(211908 0)
(211911 0)
(211912 1)
(211915 0)
(211916 1)
(211919 0)
(211920 1)
(211924 1)
(211926 0)
(211928 1)
(211930 0)
(211932 1)
(211934 0)
(211937 0)
(211938 1)
(211941 0)
(211942 1)
(211945 0)
(211946 1)
(211949 0)
(211950 1)
(211953 0)
(211954 1)
(211957 0)
(211958 1)
(211961 0)
(211962 1)
(211965 0)
(211966 1)
(212068 2)
(212072 3)
(212080 1)
(212083 0)
(212085 0)
(212086 0)
(212088 3)
(212096 1)
(212099 0)
(212101 0)
(212102 0)
(212384 1)
(212387 0)
(212388 1)
(212391 0)
(212392 1)
(212395 0)
(212396 1)
(212400 1)
(212402 0)
(212404 0)
(212406 0)
(212588 0)
(212591 0)
(212592 1)
(212634 0)
(212639 0)
(212640 1)
(212642 0)
(212644 2)
(212652 0)
(212665 0)
(212666 0)
(212668 2)
(212698 1)
(212700 0)
(212706 1)
(212709 0)
(212710 0)
(212716 0)
(212720 3)
(212729 0)
(212731 0)
(212732 0)
(212734 1)
(212739 0)
(212740 2)
(212757 0)
(212758 1)
(212761 0)
(212762 1)
(212769 0)
(212770 1)
(212772 2)
(212776 3)
(212784 4)
(212800 4)
(212816 2)
(212820 1)
(212823 0)
(212824 1)
(212827 0)
(212829 0)
(212830 0)
(212832 0)
(212836 2)
(212840 3)
(212850 1)
(212852 1)
(212855 0)
(212856 2)
(212861 0)
(212862 1)
(212864 1)
(212867 0)
(212869 0)
(212870 0)
(212873 0)
(212877 0)
(212878 1)
(212880 1)
(212884 0)
(212886 0)
(212888 0)
(212890 1)
(212893 0)
(212898 0)
(212909 0)
(212910 1)
(212913 0)
(212914 1)
(212919 0)
(212920 1)
(212927 0)
(212949 0)
(212958 1)
(212960 1)
(212975 0)
(212976 1)
(212979 0)
(212980 1)
(212988 1)
(213002 1)
(213008 3)
(213028 2)
(213032 1)
(213038 1)
(213044 1)
(213050 1)
(213052 2)
(213060 1)
(213064 2)
(213068 1)
(213074 1)
(213080 2)
(213088 3)
(213104 1)
(213108 2)
(213124 2)
(213138 1)
(213156 2)
(213168 2)
(213176 3)
(213192 2)
(213232 2)
(213236 1)
(213272 3)
(213392 4)
(213408 4)
(213424 3)
(213433 0)
(213434 1)
(213436 1)
(213472 2)
(213504 4)
(213542 1)
(213544 3)
(213552 1)
(213558 0)
(213560 1)
(213624 3)
(213652 2)
(213656 3)
(213666 1)
(213668 2)
(213677 0)
(213683 0)
(213684 1)
(213696 6)
(213760 6)
(213856 5)
(213888 4)
(213952 4)
(213968 3)
(213980 2)
(213988 2)
(213992 3)
(214066 1)
(214068 1)
(214076 1)
(214080 3)
(214092 2)
(214100 1)
(214104 3)
(214112 4)
(214136 3)
(214144 5)
(214176 4)
(214392 3)
(214470 1)
(214476 1)
(214520 2)
(214524 1)
(214534 1)
(214540 1)
(214568 1)
(214572 1)
(214581 0)
(214582 1)
(214584 2)
(214588 1)
(214590 0)
(214596 2)
(214600 2)
(214660 2)
(214664 2)
(214668 1)
(214678 1)
(214680 2)
(214692 2)
(214696 2)
(214708 2)
(214720 2)
(214724 1)
(214736 2)
(214752 3)
(214768 3)
(214784 3)
(214800 3)
(214814 1)
(214816 3)
(214832 3)
(214848 3)
(214862 1)
(214864 3)
(214880 3)
(214892 1)
(214896 3)
(214906 1)
(214928 2)
(214932 1)
(214936 1)
(214941 0)
(214942 1)
(214944 3)
(214960 2)
(214966 1)
(214972 2)
(214976 1)
(214982 1)
(214986 1)
(214992 1)
(214996 1)
(215004 2)
(215012 1)
(215018 1)
(215020 2)
(215032 2)
(215049 0)
(215050 1)
(215054 1)
(215095 0)
(215104 1)
(215156 1)
(215164 1)
(215170 1)
(215173 0)
(215174 1)
(215226 1)
(215228 2)
(215232 1)
(215234 0)
(215248 1)
(215256 1)
(215272 1)
(215278 1)
(215290 1)
(215296 2)
(215300 1)
(215330 1)
(215332 1)
(215336 2)
(215344 1)
(215358 1)
(215362 1)
(215364 1)
(215370 1)
(215373 0)
(215374 1)
(215376 1)
(215380 1)
(215384 0)
(215386 1)
(215398 1)
(215408 1)
(215412 2)
(215416 3)
(215428 2)
(215448 1)
(215452 1)
(215460 1)
(215468 2)
(215472 1)
(215476 1)
(215486 1)
(215508 1)
(215530 1)
(215532 1)
(215554 1)
(215558 1)
(215566 1)
(215574 1)
(215576 2)
(215588 1)
(215592 2)
(215596 1)
(215600 2)
(215604 1)
(215608 3)
(215620 1)
(215623 0)
(215626 1)
(215632 2)
(215640 2)
(215646 1)
(215656 3)
(215664 1)
(215680 2)
(215688 2)
(215694 1)
(215736 2)
(215744 2)
(215748 1)
(215970 1)
(215976 3)
(215984 2)
(215992 3)
(216096 1)
(216106 1)
(216114 1)
(216120 1)
(216260 1)
(216264 1)
(216268 2)
(216274 1)
(216276 1)
(216280 1)
(216286 1)
(216298 1)
(216300 1)
(216324 2)
(216328 1)
(216332 2)
(216336 2)
(216448 2)
(216476 0)
(216478 1)
(216553 0)
(216554 1)
(216624 2)
(216628 1)
(216654 1)
(216666 1)
(216668 1)
(216682 1)
(216696 2)
(216704 5)
(216736 4)
(216752 2)
(216756 1)
(216760 3)
(216786 1)
(216800 0)
(216802 1)
(216806 1)
(216808 3)
(216816 1)
(216820 2)
(216824 2)
(216830 1)
(216840 1)
(216844 1)
(216862 1)
(216864 3)
(216873 0)
(216874 1)
(216876 1)
(216880 1)
(216882 0)
(216884 1)
(216888 2)
(216892 1)
(216957 0)
(216958 1)
(216974 1)
(216990 1)
(217024 2)
(217032 1)
(217044 2)
(217061 0)
(217062 1)
(217066 1)
(217068 1)
(217187 0)
(217230 1)
(217240 2)
(217252 2)
(217256 2)
(217334 1)
(217338 1)
(217340 1)
(217356 2)
(217362 1)
(217373 0)
(217374 1)
(217378 1)
(217384 1)
(217392 1)
(217398 1)
(217400 2)
(217404 1)
(217408 2)
(217416 1)
(217426 1)
(217428 2)
(217596 1)
(217654 1)
(217684 1)
(217744 1)
(217754 1)
(217764 1)
(217774 1)
(217792 1)
(217804 1)
(217812 2)
(217846 1)
(217848 1)
(217856 1)
(217866 1)
(217886 1)
(217962 1)
(218576 2)
(218596 2)
(218604 2)
(218632 2)
(218642 1)
(218648 2)
(218656 2)
(218690 1)
(218834 1)
(219056 2)
(219088 1)
(219096 1)
(219099 0)
(219102 1)
(219108 2)
(219292 1)
(219344 2)
(220174 1)
(220200 1)
(220238 1)
(220248 2)
(220254 1)
(220266 1)
(220276 1)
(220280 1)
(220290 1)
(220292 2)
(220320 1)
(220356 1)
(220380 2)
(220408 2)
(220426 1)
(220430 1)
(220658 1)
(221186 1)
(221244 1)
(221252 1)
(221334 1)
(221340 2)
(221346 1)
(221348 2)
(221352 1)
(221436 1)
(221440 2)
(221448 2)
(221506 1)
(221508 1)
(221514 1)
(221520 2)
(221524 1)
(221536 2)
(221556 1)
(221594 1)
(221597 0)
(221612 1)
(221624 2)
(221628 1)
(221632 1)
(221640 1)
(221780 1)
(221852 1)
(221862 1)
(221864 2)
(221872 1)
(221904 2)
(221910 1)
(221912 1)
(221920 2)
(221956 1)
(222000 1)
(222006 1)
(222012 2)
(222037 0)
(222038 1)
(222070 1)
(222082 1)
(222096 1)
(222100 0)
(222102 1)
(222104 2)
(222160 1)
(222162 0)
(222198 1)
(222200 2)
(222294 0)
(222364 1)
(222372 1)
(222758 1)
(222762 1)
(222768 0)
(222780 1)
(222906 1)
(222910 1)
(222918 1)
(222922 1)
(222924 2)
(222928 2)
(222932 1)
(222974 1)
(222976 1)
(222990 1)
(223094 1)
(223130 1)
(223136 3)
(223174 1)
(223188 1)
(223192 1)
(223436 1)
(223442 1)
(223444 2)
(223470 1)
(223472 2)
(223480 0)
(223482 1)
(223484 0)
(223486 1)
(223492 1)
(223504 1)
(223508 1)
(223516 1)
(223522 1)
(223564 1)
(223570 1)
(223584 1)
(223590 1)
(223592 1)
(223598 1)
(223620 2)
(223624 1)
(223648 2)
(223656 1)
(223662 1)
(223664 2)
(223668 1)
(223674 1)
(223676 2)
(223694 1)
(223704 1)
(223710 1)
(223716 1)
(223746 1)
(223748 2)
(223756 2)
(223760 1)
(223778 1)
(223780 2)
(223802 1)
(223808 1)
(223816 1)
(223820 2)
(223828 1)
(223832 1)
(223838 1)
(223848 1)
(223856 3)
(223872 2)
(223880 2)
(223886 1)
(223888 2)
(223900 1)
(223906 1)
(223908 1)
(223920 1)
(223926 1)
(223930 1)
(223936 3)
(223944 1)
(223952 1)
(223956 2)
(223960 1)
(223962 0)
(223964 2)
(223970 1)
(223976 2)
(223982 1)
(224000 2)
(224006 1)
(224010 1)
(224014 1)
(224020 2)
(224040 1)
(224044 1)
(224062 1)
(224086 1)
(224098 1)
(224108 1)
(224112 2)
(224122 1)
(224160 3)
(224168 2)
(224176 1)
(224182 1)
(224208 1)
(224214 1)
(224634 1)
(224810 1)
(224860 1)
(224866 1)
(224878 1)
(224934 1)
(225092 2)
(225098 1)
(225104 1)
(225122 1)
(225126 1)
(225138 1)
(225140 1)
(225218 1)
(225220 2)
(225276 1)
(225388 1)
(225428 1)
(225810 1)
(225824 1)
(225884 1)
(225898 1)
(225927 0)
(225952 1)
(225972 1)
(226018 1)
(226020 1)
(226046 1)
(226716 1)
(226858 1)
(226936 2)
(227640 1)
(227864 1)
(228370 0)
(228612 1)
(229132 2)
(229146 1)
(229240 2)
(229248 2)
(229254 1)
(229264 2)
(229272 1)
(229292 2)
(229296 2)
(229304 3)
(229316 2)
(229754 1)
(230086 1)
(230586 1)
(230736 1)
(230750 1)
(230910 1)
(230918 1)
(231102 1)
(231116 2)
(231120 2)
(231314 1)
(232040 1)
(232048 1)
(232438 1)
(232444 1)
(232490 1)
(232700 1)
(233106 1)
(233510 1)
(233656 1)
(234168 1)
(234178 1)
(234303 0)
(234370 1)
(234382 1)
(234416 1)
(234439 0)
(234926 1)
(234932 1)
(235110 1)
(235624 1)
(235802 1)
(235874 1)
(235896 0)
(235908 1)
(236278 1)
(236766 1)
(237422 1)
(237470 1)
(237802 1)
(237804 2)
(237942 1)
(238122 1)
(238164 1)
(238280 2)
(238302 1)
(238304 2)
(238308 1)
(238338 1)
(238340 2)
(238374 1)
(238384 1)
(238390 1)
(238392 3)
(238421 0)
(238422 1)
(238444 2)
(238450 1)
(238512 2)
(238516 1)
(238520 2)
(238554 1)
(239314 1)
(239316 1)
(239632 1)
(239697 0)
(239992 1)
(240542 1)
(240654 1)
(240663 0)
(240730 1)
(240756 1)
(241692 1)
(242324 1)
(242330 1)
(242610 0)
(243632 1)
(243771 0)
(245198 1)
(245203 0)
(245205 0)
(245212 0)
(245244 1)
(245820 1)
(245937 0)
(247468 1)
(247774 1)
(247808 0)
(247815 0)
(247819 0)
(247820 0)
(247822 0)
(248360 1)
(248660 1)
(248868 1)
(249000 1)
(249196 2)
(249210 1)
(249386 1)
(249552 1)
(249556 2)
(249570 1)
(249572 1)
(249576 2)
(249582 1)
(249584 2)
(249632 1)
(249676 1)
(249873 0)
(250412 1)
(250423 0)
(250906 1)
(251278 1)
(251308 1)
(251696 1)
(251720 2)
(251776 2)
(251786 1)
(251824 2)
(251828 1)
(251862 1)
(251864 2)
(251870 1)
(251872 1)
(251878 1)
(251880 2)
(251884 1)
(251896 1)
(251920 3)
(251930 1)
(251936 1)
(251946 1)
(251996 2)
(252000 1)
(252018 1)
(252022 1)
(252132 1)
(252676 2)
(252682 1)
(252684 2)
(252706 1)
(252708 1)
(252712 2)
(252718 1)
(252764 1)
(252772 2)
(252778 1)
(252782 1)
(252878 1)
(253276 1)
(254020 1)
(254036 1)
(254038 0)
(254322 0)
(254341 0)
(254930 1)
(254942 1)
(254944 1)
(255156 1)
(255176 1)
(255198 1)
(255280 1)
(255288 1)
(255302 1)
(255356 1)
(255912 2)
(255954 1)
(255988 0)
(256267 0)
(256270 1)
(256274 0)
(256277 0)
(256279 0)
(256280 0)
(256284 0)
(256287 0)
(256288 0)
(256290 1)
(256292 2)
(256298 0)
(256314 0)
(256316 0)
(256323 0)
(256329 0)
(256330 1)
(256332 0)
(256343 0)
(256345 0)
(256347 0)
(256348 2)
(256353 0)
(256358 0)
(256373 0)
(256374 1)
(256388 0)
(256448 0)
(256451 0)
(256452 2)
(256758 0)
(257396 1)
(257404 2)
(257511 0)
(257584 1)
(257596 1)
(257606 1)
(257608 1)
(257820 1)
(257924 1)
(258360 1)
(258598 1)
(258640 1)
(259762 1)
(259788 1)
(259790 0)
(260594 1)
(261062 1)
(261844 1)
(262000 2)
(262036 1)
(262188 1)
(263740 1)
(263764 1)
(263772 1)
(265738 1)
(265740 1)
(266456 1)
(266464 1)
(268508 1)
(268758 1)
(269026 1)
(269508 1)
(269717 0)
(269932 1)
(269962 0)
(270022 1)
(270430 1)
(270712 1)
(271134 1)
(271427 0)
(272537 0)
(272538 1)
(272543 0)
(272544 0)
(273130 1)
(273133 0)
(273249 0)
(273257 0)
(274502 1)
(274600 1)
(274606 1)
(274856 1)
(274862 1)
(274886 1)
(275106 1)
(275112 1)
(275422 1)
(275492 1)
(276190 1)
(276218 1)
(276629 0)
(277042 1)
(277044 2)
(277304 1)
(277334 1)
(277606 1)
(278154 1)
(278484 0)
(278694 1)
(279090 1)
(279162 1)
(279230 1)
(279234 1)
(279272 1)
(279462 1)
(279698 1)
(280124 1)
(280602 1)
(281116 1)
(281162 0)
(281698 1)
(281964 1)
(282472 2)
(282480 1)
(282492 2)
(282560 1)
(282564 2)
(282572 2)
(282798 1)
(282856 1)
(282880 2)
(282932 1)
(282936 1)
(283128 1)
(283890 1)
(284148 1)
(284232 1)
(284289 0)
(284291 0)
(284293 0)
(284307 0)
(284534 1)
(284536 1)
(284568 1)
(284586 0)
(284700 1)
(284754 1)
(284782 1)
(284808 1)
(284980 0)
(284982 1)
(284984 1)
(284996 1)
(285010 1)
(285034 1)
(285144 1)
(285194 1)
(285544 1)
(285842 1)
(286251 0)
(286252 1)
(286254 0)
(286260 0)
(286262 1)
(286264 0)
(286266 0)
(286602 1)
(286662 1)
(286670 1)
(286672 2)
(286682 1)
(286684 2)
(286696 1)
(286700 2)
(286872 1)
(286906 1)
(286912 1)
(286926 1)
(287170 1)
(287304 2)
(287938 1)
(288422 1)
(288458 1)
(288478 1)
(288564 1)
(288594 1)
(288728 1)
(288808 3)
(288816 2)
(288824 3)
(288936 1)
(289336 3)
(289364 2)
(289368 3)
(289453 0)
(289454 1)
(289468 2)
(289568 1)
(289616 3)
(289652 0)
(289654 1)
(289660 1)
(289662 0)
(289672 1)
(289676 2)
(289680 3)
(289702 1)
(289730 1)
(289732 2)
(289736 3)
(289756 2)
(289760 1)
(289765 0)
(289766 1)
(289768 3)
(289776 2)
(289785 0)
(289786 1)
(290422 1)
(290440 2)
(290502 1)
(290684 1)
(290714 1)
(290826 1)
(290884 2)
(291188 2)
(291234 1)
(291236 1)
(291268 1)
(291396 2)
(291428 2)
(291432 1)
(291450 1)
(291658 1)
(291788 1)
(291912 1)
(291940 1)
(291996 2)
(292452 1)
(292536 2)
(292976 1)
(293022 0)
(293050 1)
(293158 1)
(293206 1)
(293250 0)
(293252 2)
(293259 0)
(293261 0)
(293338 1)
(293492 2)
(293546 1)
(293672 1)
(293812 2)
(294072 1)
(294078 0)
(294232 2)
(294500 2)
(294696 1)
(294810 1)
(295196 2)
(295232 1)
(295258 1)
(295434 1)
(295456 1)
(295620 1)
(296400 0)
(296752 2)
(296987 0)
(297020 2)
(297066 1)
(297112 0)
(297154 1)
(297233 0)
(297234 0)
(297237 0)
(297714 1)
(297726 1)
(297760 2)
(297934 1)
(298044 1)
(298108 2)
(298159 0)
(298372 1)
(298388 2)
(298447 0)
(298508 1)
(298510 0)
(298592 2)
(298858 1)
(299152 2)
(299158 1)
(299814 1)
(301134 1)
(301244 1)
(301508 2)
(301517 0)
(301518 1)
(301794 1)
(301830 1)
(302014 1)
(302200 3)
(302260 1)
(302834 0)
(303086 1)
(303728 1)
(303766 1)
(304320 1)
(305008 1)
(305426 1)
(305658 1)
(305660 1)
(306774 1)
(307286 1)
(307302 1)
(307718 1)
(307820 1)
(307840 1)
(308050 1)
(308728 2)
(309314 1)
(309352 1)
(310666 1)
(310678 1)
(311114 1)
(311507 0)
(312432 1)
(312436 1)
(312700 1)
(313554 1)
(313686 1)
(313938 0)
(314384 1)
(314488 1)
(315378 1)
(315400 1)
(315572 1)
(316106 1)
(316644 1)
(316650 1)
(316810 1)
(317384 1)
(318298 1)
(318340 1)
(318408 1)
(318784 3)
(318832 1)
(318836 1)
(319714 1)
(321090 1)
(322016 1)
(322032 1)
(322040 1)
(322080 1)
(322268 0)
(322330 1)
(322540 2)
(322610 1)
(322736 1)
(322742 1)
(322826 0)
(323858 1)
(324006 1)
(324692 1)
(324946 1)
(325182 1)
(325727 0)
(326639 0)
(326832 1)
(326838 1)
(327202 1)
(327210 1)
(327268 1)
(327308 1)
(327724 1)
(327816 1)
(327820 2)
(328782 1)
(328850 1)
(328936 1)
(329082 1)
(329086 1)
(329120 1)
(329196 1)
(329274 1)
(329334 1)
(329408 1)
(329424 1)
(330372 1)
(330394 1)
(330398 1)
(330404 1)
(330424 1)
(330450 1)
(330458 1)
(330460 1)
(330518 1)
(330542 1)
(330550 1)
(330706 1)
(330748 2)
(331580 1)
(331928 3)
(332032 1)
(332488 3)
(333254 1)
(333650 1)
(333698 0)
(334224 1)
(334410 1)
(334600 2)
(334640 1)
(334676 1)
(334684 1)
(335952 1)
(336490 1)
(337194 1)
(337200 1)
(337204 2)
(337208 1)
(337228 1)
(337238 1)
(337254 1)
(337260 2)
(337274 1)
(337412 1)
(337428 1)
(337436 1)
(337446 1)
(337450 1)
(337452 2)
(337456 1)
(337460 2)
(337464 3)
(337844 1)
(337854 1)
(338458 1)
(338606 1)
(341024 1)
(341089 0)
(341091 0)
(342016 1)
(342018 0)
(343824 1)
(344432 1)
(344636 1)
(346952 1)
(347009 0)
(347016 0)
(347020 0)
(347976 1)
(347982 1)
(348344 0)
(348912 0)
(349062 1)
(349110 1)
(349743 0)
(349750 0)
(352326 1)
(352328 1)
(352334 1)
(352588 2)
(352665 0)
(352667 0)
(352670 1)
(352675 0)
(352676 1)
(352678 0)
(353176 0)
(353181 0)
(353316 0)
(353408 1)
(353782 1)
(353902 1)
(354014 1)
(355640 2)
(355659 0)
(355909 0)
(355989 0)
(357156 1)
(357235 0)
(357236 0)
(357238 1)
(357240 1)
(357243 0)
(357576 1)
(357798 1)
(357934 1)
(358161 0)
(358162 0)
(358169 0)
(358171 0)
(358176 0)
(358424 0)
(359651 0)
(359652 2)
(359656 1)
(359658 0)
(359661 0)
(359662 1)
(360760 1)
(360764 1)
(361806 1)
(361808 1)
(362568 1)
(363430 1)
(363998 1)
(364096 1)
(364316 1)
(365484 2)
(365676 1)
(365680 1)
(365688 1)
(365722 1)
(365724 1)
(367634 1)
(367986 1)
(368288 1)
(369164 1)
(369372 1)
(369571 0)
(369575 0)
(370338 1)
(372272 1)
(372346 1)
(372495 0)
(373568 3)
(373580 2)
(373893 0)
(374534 0)
(374536 2)
(374540 1)
(374543 0)
(374544 0)
(375341 0)
(375342 1)
(375344 2)
(375349 0)
(375351 0)
(375926 0)
(376968 2)
(377032 2)
(377045 0)
(377046 1)
(377068 2)
(377084 2)
(377116 2)
(377124 2)
(377148 1)
(377180 2)
(377208 2)
(377252 2)
(377276 2)
(377280 2)
(377308 1)
(377412 2)
(377556 1)
(377572 2)
(378832 1)
(378868 2)
(378872 1)
(381808 2)
(383624 0)
(383948 1)
(385180 1)
(386956 2)
(387644 1)
(388022 1)
(388418 1)
(388440 0)
(388465 0)
(388470 0)
(388695 0)
(389177 0)
(389179 0)
(389751 0)
(389952 1)
(390906 0)
(393104 0)
(393116 1)
(396564 1)
(396567 0)
(397094 1)
(397932 0)
(399731 0)
(399812 1)
(399874 1)
(405770 1)
(406432 1)
(407746 1)
(407750 1)
(408974 1)
(409888 0)
(410994 1)
(411816 1)
(411960 2)
(412187 0)
(412188 1)
(412920 0)
(413210 1)
(413212 2)
(413410 1)
(413412 2)
(415292 2)
(415296 1)
(416746 0)
(417312 3)
(417338 1)
(417340 2)
(417368 2)
(417372 1)
(417380 2)
(417384 3)
(417456 3)
(417464 2)
(417488 3)
(417504 3)
(417516 2)
(417520 3)
(417528 1)
(417532 2)
(417680 4)
(417696 5)
(417728 6)
(417944 2)
(417948 1)
(418020 2)
(418068 1)
(418156 1)
(418346 1)
(418372 1)
(418804 1)
(418860 2)
(419022 1)
(419358 1)
(419368 1)
(419395 0)
(419540 1)
(419730 0)
(419904 2)
(419928 2)
(419980 2)
(420052 1)
(420096 1)
(420144 2)
(420228 2)
(420312 2)
(420660 1)
(420672 1)
(421258 1)
(421272 1)
(421326 1)
(421352 2)
(421416 2)
(421606 1)
(421616 2)
(421790 1)
(421812 2)
(421824 2)
(422242 1)
(422244 1)
(422713 0)
(422717 0)
(422718 0)
(423236 1)
(423652 2)
(423932 0)
(423935 0)
(424592 1)
(424598 1)
(425054 1)
(425928 1)
(425984 3)
(426056 3)
(426096 3)
(426106 1)
(426108 2)
(426138 1)
(426152 3)
(426240 3)
(426272 3)
(426288 3)
(426346 1)
(426349 0)
(426350 1)
(426472 2)
(426480 3)
(426492 2)
(427172 1)
(427180 1)
(428666 1)
(431863 0)
(431866 0)
(433782 1)
(434812 2)
(435052 2)
(435096 1)
(435120 3)
(435128 2)
(435132 1)
(436220 1)
(438418 1)
(438484 1)
(438487 0)
(438552 1)
(438588 0)
(438607 0)
(438610 1)
(438656 1)
(438658 0)
(438668 0)
(438673 0)
(438728 0)
(438733 0)
(438742 1)
(438744 0)
(438766 0)
(438781 0)
(441055 0)
(441726 1)
(441738 1)
(442036 2)
(442090 1)
(444102 1)
(444104 1)
(444118 1)
(445103 0)
(445282 1)
(446244 1)
(446530 1)
(446554 0)
(447136 2)
(447910 0)
(447978 1)
(448054 1)
(448930 1)
(448932 2)
(449932 2)
(451044 1)
(451904 1)
(452046 1)
(453492 0)
(453860 2)
(454148 2)
(458108 1)
(458114 0)
(459812 1)
(460253 0)
(460257 0)
(460258 0)
(460944 3)
(460952 2)
(460972 2)
(460976 3)
(460984 2)
(461022 1)
(461184 3)
(461196 2)
(461200 2)
(461244 2)
(461496 2)
(461504 2)
(461520 3)
(466474 1)
(467990 0)
(467993 0)
(467997 0)
(467998 0)
(468003 0)
(468004 0)
(468009 0)
(468010 0)
(468019 0)
(468022 0)
(468060 0)
(468852 1)
(469010 1)
(469386 0)
(469397 0)
(469465 0)
(469510 0)
(469532 0)
(469746 1)
(469783 0)
(469899 0)
(469917 0)
(470013 0)
(470628 1)
(470962 1)
(470964 1)
(470967 0)
(471108 1)
(472944 1)
(480756 0)
(482112 1)
(482170 1)
(490156 2)
(491628 2)
(491640 2)
(491748 2)
(491788 2)
(491896 2)
(491916 2)
(492428 2)
(492432 2)
(492864 2)
(492988 2)
(492992 2)
(493004 2)
(493008 2)
(493020 2)
(493048 2)
(493060 2)
(493064 2)
(493076 2)
(493104 2)
(493116 2)
(493120 2)
(493172 2)
(493176 2)
(493212 2)
(493216 2)
(493228 2)
(493232 2)
(493268 2)
(493272 2)
(493288 2)
(493300 2)
(493304 2)
(493316 2)
(493344 2)
(493372 2)
(493376 2)
(493388 2)
(493392 2)
(493560 2)
(494508 1)
(494512 2)
(494556 2)
(495328 3)
(499742 1)
(499744 4)
(499760 3)
(499768 1)
(499772 2)
(499776 3)
(499784 1)
(499788 2)
(499792 4)
(499808 2)
(499812 1)
(499820 2)
(499992 1)
(500152 1)
(500208 3)
(500760 2)
(500768 1)
(500772 1)
(500784 1)
(500820 2)
(500824 2)
(500828 1)
(500866 1)
(500868 2)
(500872 3)
(500896 3)
(500908 2)
(500912 4)
(500928 3)
(500936 2)
(500942 1)
(500946 1)
(500952 1)
(500956 1)
(500964 2)
(500970 1)
(500972 1)
(500976 1)
(500982 1)
(500984 2)
(500988 1)
(501538 1)
(501540 2)
(501544 3)
(501552 2)
(501556 1)
(501560 1)
(501565 0)
(501566 1)
(501760 2)
(501770 1)
(501772 2)
(501776 2)
(501780 1)
(501834 1)
(501836 1)
(501842 1)
(501844 1)
(502080 4)
(502196 0)
(502198 1)
(502200 3)
(503056 3)
(503064 2)
(503668 2)
(503672 1)
(503694 1)
(503704 2)
(503710 1)
(503712 1)
(503718 1)
(503720 3)
(503728 2)
(503732 1)
(503736 3)
(503744 3)
(503754 1)
(503756 2)
(503760 3)
(503768 1)
(503772 2)
(503776 2)
(503802 1)
(503804 2)
(503904 1)
(504604 1)
(505689 0)
(505691 0)
(505752 0)
(505754 0)
(505764 0)
(506956 2)
(507972 1)
(508235 0)
(508344 2)
(508348 1)
(508352 1)
(508728 2)
(508734 1)
(508740 1)
(508744 3)
(508756 2)
(508760 1)
(508766 1)
(508768 1)
(508784 2)
(508788 1)
(508798 1)
(508804 2)
(508810 1)
(508916 1)
(508922 1)
(508924 2)
(509120 1)
(509180 1)
(509209 0)
(509213 0)
(509704 3)
(509758 1)
(510034 0)
(510078 1)
(510208 1)
(510386 1)
(510388 1)
(510460 1)
(510774 1)
(510786 1)
(510790 1)
(510792 1)
(510820 2)
(510830 1)
(510840 1)
(510856 1)
(510860 2)
(510872 1)
(510902 1)
(510904 2)
(510912 2)
(510918 1)
(510924 1)
(510928 2)
(510932 1)
(510939 0)
(510940 1)
(510946 1)
(510948 1)
(510970 1)
(512336 1)
(512388 1)
(512764 1)
(512832 1)
(517300 0)
(518172 1)
(518186 0)
(518348 0)
(518364 0)
(518385 0)
(518386 0)
(518388 0)
(518408 0)
(518425 0)
(518432 0)
(518445 0)
(518482 0)
(518497 0)
(518498 0)
(518505 0)
(518506 0)
(518522 0)
(518533 0)
(518545 0)
(518546 0)
(518548 0)
(518553 0)
(518554 0)
(518575 0)
(519170 1)
(519172 2)
(519216 3)
(519344 1)
(519400 3)
(519424 3)
(519455 0)
(519548 0)
(519554 1)
(519560 0)
(519562 0)
(519598 1)
(519604 2)
(519608 2)
(519614 1)
(519620 1)
(519628 1)
(519632 1)
(519636 1)
(519642 1)
(519654 1)
(519668 1)
(519676 2)
(519680 1)
(519704 1)
(519708 1)
(519714 1)
(519720 1)
(519741 0)
(519840 0)
(519852 0)
(519869 0)
(519877 0)
(519884 1)
(519894 0)
(519916 0)
(519921 0)
(519942 0)
(519956 1)
(519966 0)
(519981 0)
(519988 0)
(520006 0)
(520014 1)
(520020 1)
(520022 0)
(520046 0)
(520078 1)
(520097 0)
(520120 0)
(520126 1)
(520132 1)
(520147 0)
(520317 0)
(520351 0)
(520360 0)
(520490 1)
(520492 2)
(520588 0)
(520590 0)
(521064 3)
(521088 0)
(521093 0)
(521112 3)
(521136 3)
(521168 3)
(521192 3)
(521500 2)
(521524 1)
(521528 1)
(521534 1)
(521546 1)
(521548 1)
(521620 2)
(522096 3)
(522938 1)
(522970 1)
(524010 1)
(525130 1)
(525192 1)
(525198 1)
(525271 0)
(525290 1)
(525942 1)
(525946 1)
(526088 1)
(526096 2)
(526102 1)
(526144 1)
(526156 2)
(527420 1)
(528231 0)
(528232 2)
(528790 1)
(528824 1)
(529702 1)
(529738 1)
(529740 2)
(529762 1)
(529766 1)
(530273 0)
(530276 0)
(530281 0)
(530284 1)
(530612 2)
(530674 1)
(530676 2)
(530680 3)
(530690 1)
(532174 0)
(533431 0)
(534980 0)
(536602 0)
(537242 1)
(537244 2)
(537250 1)
(537621 0)
(540430 1)
(541365 0)
(544512 3)
(546986 0)
(548560 1)
(548848 2)
(549680 3)
(549760 3)
(549786 1)
(552994 1)
(553008 2)
(553024 1)
(553040 2)
(553056 2)
(553112 2)
(553168 2)
(553176 2)
(553208 2)
(553216 2)
(553224 1)
(553246 1)
(553288 2)
(553512 2)
(555588 2)
(555652 2)
(557440 0)
(557916 2)
(559208 2)
(559386 1)
(559660 2)
(559924 1)
(559944 2)
(560704 1)
(560708 2)
(560712 3)
(568530 1)
(568892 1)
(573552 2)
(573556 1)
(573586 1)
(573588 2)
(573604 1)
(573632 2)
(573708 2)
(573798 1)
(574000 3)
(574008 2)
(574174 1)
(574176 2)
(574180 1)
(575552 0)
(576386 1)
(576388 2)
(576392 3)
(576608 0)
(578117 0)
(581238 0)
(582072 3)
(582635 0)
(582708 1)
(582710 0)
(582738 0)
(582740 0)
(582756 1)
(582759 0)
(582760 1)
(582885 0)
(583066 0)
(584628 2)
(585868 0)
(586407 0)
(586478 0)
(586604 0)
(590560 2)
(591002 1)
(591116 0)
(592586 0)
(592589 0)
(592652 1)
(592670 1)
(593916 1)
(596406 0)
(597126 1)
(598024 1)
(598971 0)
(598994 1)
(599522 1)
(599898 1)
(603404 2)
(605224 2)
(605234 0)
(605236 2)
(605284 1)
(605294 0)
(605296 1)
(605298 0)
(605349 0)
(605350 1)
(605358 0)
(605360 1)
(605410 1)
(605416 1)
(605419 0)
(605420 2)
(605458 1)
(605472 2)
(605484 1)
(605964 1)
(606881 0)
(608671 0)
(609909 0)
(610323 0)
(610362 0)
(610368 0)
(610393 0)
(610394 0)
(610461 0)
(610462 0)
(610464 2)
(610468 1)
(610483 0)
(610541 0)
(610546 1)
(610552 0)
(610556 0)
(610564 2)
(610573 0)
(610577 0)
(610578 1)
(610580 0)
(610582 0)
(610587 0)
(610592 1)
(610595 0)
(610606 0)
(610610 1)
(610612 0)
(610615 0)
(610624 1)
(610626 0)
(610628 1)
(610630 0)
(610636 1)
(610638 0)
(610640 0)
(610643 0)
(610666 0)
(610681 0)
(610682 1)
(610717 0)
(610722 1)
(610725 0)
(610726 0)
(610729 0)
(610736 0)
(610740 1)
(610742 0)
(610760 0)
(610762 1)
(610764 2)
(610776 1)
(610779 0)
(610799 0)
(610800 1)
(610802 0)
(610806 0)
(610808 0)
(610810 1)
(610816 1)
(610841 0)
(610855 0)
(610856 0)
(610863 0)
(610884 0)
(610919 0)
(610931 0)
(610932 2)
(610936 2)
(610942 1)
(610995 0)
(610996 0)
(611005 0)
(611008 1)
(611056 0)
(611065 0)
(611068 1)
(611121 0)
(611122 0)
(611136 0)
(611139 0)
(611156 0)
(611160 1)
(611162 0)
(611180 2)
(611184 2)
(611188 0)
(611190 1)
(611195 0)
(611196 1)
(611244 0)
(611246 1)
(611248 2)
(611252 1)
(611255 0)
(611256 0)
(611259 0)
(611260 0)
(611263 0)
(611305 0)
(611306 1)
(611308 2)
(611312 1)
(611316 1)
(611904 0)
(612150 0)
(612183 0)
(612564 2)
(613336 1)
(615187 0)
(615338 1)
(615342 1)
(615402 1)
(615404 2)
(615436 1)
(616453 0)
(616456 1)
(616459 0)
(616462 1)
(616470 0)
(616472 0)
(616474 0)
(616477 0)
(616478 0)
(616486 0)
(616490 0)
(616493 0)
(616494 0)
(616497 0)
(616498 0)
(616501 0)
(616502 0)
(616508 0)
(616511 0)
(616516 0)
(616524 0)
(616526 0)
(616529 0)
(616531 0)
(616532 0)
(616537 0)
(616540 0)
(616543 0)
(616544 2)
(616550 1)
(616552 1)
(616554 0)
(616556 0)
(616562 1)
(616566 1)
(616588 0)
(616591 0)
(616595 0)
(616602 1)
(616617 0)
(616618 1)
(616631 0)
(616634 0)
(616640 1)
(616643 0)
(616648 1)
(616651 0)
(616701 0)
(616717 0)
(616766 0)
(616786 0)
(616788 0)
(616798 0)
(616813 0)
(616820 0)
(616827 0)
(616845 0)
(616886 1)
(616901 0)
(616939 0)
(616947 0)
(616963 0)
(616997 0)
(616998 0)
(617008 0)
(617015 0)
(617017 0)
(617018 0)
(617029 0)
(617034 0)
(617037 0)
(617038 0)
(617047 0)
(617048 0)
(617057 0)
(617092 0)
(617096 0)
(617101 0)
(617102 0)
(617104 0)
(617107 0)
(617109 0)
(617112 2)
(617138 0)
(617140 1)
(617144 0)
(617146 0)
(617148 1)
(617152 0)
(617155 0)
(617162 0)
(617165 0)
(617168 1)
(617171 0)
(617172 0)
(617174 1)
(617176 0)
(617181 0)
(617199 0)
(617214 1)
(617216 1)
(617222 0)
(617234 1)
(617238 1)
(617248 1)
(617251 0)
(617311 0)
(617334 0)
(617387 0)
(617389 0)
(617391 0)
(617407 0)
(617428 0)
(617432 0)
(617440 0)
(617460 0)
(617523 0)
(617650 0)
(617735 0)
(617763 0)
(617862 0)
(617908 0)
(617914 0)
(617920 0)
(617922 0)
(617927 0)
(617929 0)
(618060 0)
(618092 0)
(619738 0)
(620614 0)
(620688 0)
(620736 0)
(620746 0)
(620782 1)
(620790 0)
(620808 3)
(620830 1)
(620834 1)
(620863 0)
(620874 1)
(620876 1)
(620879 0)
(620896 1)
(620941 0)
(620948 1)
(620952 2)
(620957 0)
(620958 0)
(620961 0)
(620963 0)
(620971 0)
(620972 0)
(620974 0)
(620984 0)
(620990 1)
(620992 1)
(620995 0)
(620998 0)
(621002 1)
(621008 1)
(621010 0)
(621014 0)
(621067 0)
(621075 0)
(621083 0)
(621089 0)
(621094 1)
(621096 0)
(621099 0)
(621106 1)
(621108 0)
(621110 0)
(621114 0)
(621117 0)
(621118 0)
(621121 0)
(621122 0)
(621130 1)
(621136 2)
(621140 0)
(621148 2)
(621152 1)
(621155 0)
(621160 1)
(621162 0)
(621166 0)
(621171 0)
(621174 1)
(621180 0)
(621183 0)
(621184 0)
(621194 0)
(621204 0)
(621207 0)
(621209 0)
(621228 0)
(621271 0)
(621286 1)
(621300 0)
(621302 0)
(621304 0)
(621306 0)
(621324 0)
(621330 0)
(621348 1)
(621375 0)
(621381 0)
(621395 0)
(621396 0)
(621398 0)
(621401 0)
(621431 0)
(621463 0)
(621498 1)
(621504 0)
(621534 0)
(621548 0)
(621552 0)
(621558 0)
(621561 0)
(621562 0)
(621642 0)
(621661 0)
(621698 0)
(621722 0)
(622060 0)
(622441 0)
(622481 0)
(623328 0)
(623871 0)
(624867 0)
(625237 0)
(625829 0)
(625851 0)
(625944 0)
(626049 0)
(627737 0)
(627739 0)
(627740 0)
(627743 0)
(627746 1)
(627749 0)
(627750 0)
(627752 1)
(627754 0)
(627756 1)
(627758 0)
(627760 1)
(627770 1)
(627786 1)
(627866 1)
(627880 1)
(627932 1)
(627937 0)
(627938 1)
(627940 1)
(627944 0)
(627946 1)
(627950 1)
(627952 1)
(627960 2)
(627968 1)
(627972 1)
(627974 0)
(627976 1)
(627985 0)
(627986 1)
(627989 0)
(627996 1)
(627999 0)
(628022 1)
(628046 0)
(628068 1)
(628109 0)
(628110 1)
(628116 0)
(628138 0)
(628142 0)
(628145 0)
(628149 0)
(628160 1)
(628169 0)
(628173 0)
(628174 1)
(628190 1)
(628192 0)
(628194 0)
(628224 0)
(628227 0)
(628230 1)
(628250 1)
(628260 1)
(628263 0)
(628264 0)
(628266 1)
(628268 2)
(628296 1)
(628298 0)
(628316 1)
(628318 0)
(628338 1)
(628376 0)
(628388 1)
(628396 0)
(628466 0)
(628473 0)
(628481 0)
(628483 0)
(628562 1)
(628564 1)
(628567 0)
(628619 0)
(628654 0)
(628716 0)
(628719 0)
(630229 0)
(630353 0)
(630354 1)
(630658 0)
(630812 1)
(630814 0)
(630844 1)
(630864 0)
(630866 1)
(630870 1)
(630882 1)
(630884 1)
(630887 0)
(630888 2)
(630903 0)
(630905 0)
(630911 0)
(630912 1)
(630920 1)
(630924 0)
(630926 1)
(630940 1)
(630950 1)
(630952 0)
(630954 1)
(630978 1)
(630980 1)
(631034 1)
(631076 2)
(631108 1)
(631150 0)
(631236 1)
(631297 0)
(631298 1)
(631306 0)
(631358 1)
(631376 1)
(631386 1)
(631402 1)
(631408 1)
(631442 0)
(631444 0)
(631447 0)
(631448 1)
(631452 1)
(631454 0)
(631458 1)
(631476 0)
(631520 1)
(631522 0)
(631538 1)
(631541 0)
(631545 0)
(631546 0)
(631554 1)
(631556 1)
(631561 0)
(631562 1)
(631564 2)
(631589 0)
(631590 1)
(631596 2)
(631600 2)
(631604 1)
(631608 1)
(631611 0)
(631613 0)
(631614 1)
(631622 0)
(631624 1)
(631626 0)
(631629 0)
(631630 1)
(631640 2)
(631644 0)
(631646 1)
(631648 2)
(631652 1)
(631659 0)
(631672 1)
(631679 0)
(631680 1)
(631683 0)
(631688 1)
(631695 0)
(631700 1)
(631722 1)
(631730 1)
(631764 1)
(631766 0)
(631863 0)
(632288 0)
(632290 1)
(632517 0)
(632518 1)
(635816 1)
(635907 0)
(635924 0)
(635944 1)
(635946 0)
(636015 0)
(636031 0)
(636055 0)
(636067 0)
(636076 1)
(636079 0)
(636114 0)
(636136 0)
(636147 0)
(636301 0)
(636325 0)
(636352 1)
(636387 0)
(636438 0)
(636507 0)
(636538 0)
(636588 1)
(636591 0)
(636595 0)
(636694 0)
(636715 0)
(636719 0)
(636744 0)
(636747 0)
(636750 0)
(636839 0)
(636874 1)
(636880 1)
(637004 1)
(638768 1)
(638770 0)
(639466 0)
(640004 1)
(640059 0)
(640076 0)
(640078 1)
(640096 2)
(640100 1)
(640102 0)
(640114 1)
(640129 0)
(640130 1)
(640138 1)
(640140 2)
(640145 0)
(640162 1)
(640164 1)
(640182 1)
(640250 0)
(640252 1)
(640338 0)
(640342 1)
(640353 0)
(640442 0)
(640459 0)
(640474 0)
(640525 0)
(640529 0)
(640538 0)
(640545 0)
(640548 0)
(640672 1)
(640709 0)
(640737 0)
(640807 0)
(640816 0)
(640820 0)
(640841 0)
(640845 0)
(640846 0)
(640857 0)
(640914 1)
(640916 2)
(640920 2)
(640949 0)
(640950 0)
(640958 0)
(640978 0)
(641004 2)
(641012 1)
(641440 2)
(644106 0)
(644113 0)
(644114 0)
(644164 0)
(644196 0)
(644205 0)
(644269 0)
(644296 3)
(644304 2)
(644308 0)
(644326 0)
(644533 0)
(644560 1)
(644566 1)
(644568 2)
(644662 0)
(644711 0)
(644724 2)
(644728 1)
(644731 0)
(644736 3)
(644744 2)
(644749 0)
(644750 0)
(644756 1)
(644839 0)
(644895 0)
(644896 0)
(644902 1)
(644974 1)
(644978 1)
(645002 1)
(645006 0)
(645033 0)
(645035 0)
(645036 2)
(645040 2)
(645044 0)
(645046 1)
(645048 1)
(645050 0)
(645110 0)
(645368 1)
(645476 1)
(649368 0)
(649370 0)
(649397 0)
(649398 0)
(649437 0)
(649439 0)
(649444 1)
(649446 0)
(649546 1)
(649548 2)
(649552 3)
(649682 0)
(649741 0)
(649742 0)
(649762 0)
(649764 1)
(649800 0)
(649878 1)
(649880 0)
(649884 1)
(649886 0)
(649890 1)
(649895 0)
(649896 2)
(649933 0)
(649948 1)
(649950 0)
(649957 0)
(650059 0)
(650126 1)
(650140 0)
(650143 0)
(650146 0)
(650157 0)
(650159 0)
(650168 0)
(650184 2)
(650192 0)
(650194 0)
(650226 1)
(650317 0)
(650667 0)
(650676 0)
(650805 0)
(650808 1)
(650916 1)
(650931 0)
(650944 1)
(652324 1)
(652461 0)
(652935 0)
(652936 0)
(653046 1)
(653920 0)
(654132 0)
(654437 0)
(654476 1)
(654478 0)
(654555 0)
(654556 0)
(654558 1)
(654563 0)
(654564 0)
(654568 1)
(654570 0)
(654580 0)
(654622 0)
(654628 2)
(654646 0)
(654657 0)
(654671 0)
(654675 0)
(654678 1)
(654682 0)
(654690 0)
(654700 1)
(654716 1)
(654722 1)
(654729 0)
(654730 1)
(654738 1)
(654742 0)
(654762 1)
(654766 1)
(654770 1)
(654772 2)
(654776 1)
(654778 0)
(654780 1)
(654782 0)
(654797 0)
(654798 1)
(654800 2)
(654824 0)
(654826 1)
(654828 2)
(654832 3)
(654840 1)
(654842 0)
(654844 2)
(654854 1)
(654856 2)
(654860 1)
(654862 0)
(654872 1)
(655032 0)
(655034 1)
(655036 1)
(655063 0)
(655064 1)
(655424 0)
(655471 0)
(655676 0)
(655679 0)
(655686 0)
(655689 0)
(655690 0)
(655945 0)
(655946 1)
(656162 0)
(656169 0)
(656176 0)
(656368 2)
(656372 1)
(656377 0)
(657545 0)
(657637 0)
(657730 1)
(657835 0)
(657837 0)
(657844 0)
(657848 0)
(657857 0)
(657893 0)
(657902 0)
(657982 0)
(658020 0)
(658074 0)
(658105 0)
(658119 0)
(658120 0)
(658199 0)
(658200 1)
(658202 0)
(658205 0)
(658206 1)
(658208 2)
(658212 1)
(658215 0)
(658234 1)
(658236 1)
(658238 0)
(658290 1)
(658320 1)
(658322 0)
(658324 2)
(658328 1)
(658330 0)
(658413 0)
(658440 1)
(658776 0)
(658795 0)
(658797 0)
(658803 0)
(658904 1)
(659003 0)
(659042 0)
(659200 0)
(659202 1)
(659327 0)
(660605 0)
(660614 0)
(660620 0)
(660635 0)
(660662 0)
(660790 0)
(660844 0)
(660846 0)
(660872 0)
(660904 0)
(660909 0)
(660937 0)
(660979 0)
(660986 0)
(661027 0)
(661029 0)
(661037 0)
(661038 0)
(661056 0)
(661094 0)
(661115 0)
(661131 0)
(661211 0)
(661217 0)
(661218 0)
(661238 0)
(661256 0)
(661280 0)
(661331 0)
(661445 0)
(661447 0)
(661474 0)
(661786 1)
(661796 1)
(661832 0)
(661912 1)
(661964 1)
(662238 1)
(662534 0)
(662538 0)
(662541 0)
(662572 0)
(662581 0)
(662582 0)
(662624 0)
(662627 0)
(662633 0)
(662644 0)
(662647 0)
(662648 0)
(662651 0)
(662653 0)
(662655 0)
(662664 0)
(662667 0)
(662705 0)
(662706 0)
(662848 1)
(662872 1)
(662874 0)
(662877 0)
(662878 1)
(662885 0)
(662889 0)
(662893 0)
(662894 1)
(662900 0)
(662904 0)
(662906 1)
(662908 1)
(662937 0)
(662939 0)
(662961 0)
(662962 0)
(663049 0)
(663090 0)
(663118 0)
(663152 1)
(663173 0)
(663236 0)
(663284 0)
(663295 0)
(663297 0)
(663396 0)
(663401 0)
(663402 1)
(663418 1)
(663466 1)
(663545 0)
(663546 0)
(665129 0)
(666653 0)
(666656 0)
(666661 0)
(666662 0)
(666670 1)
(666672 1)
(666676 0)
(666679 0)
(666683 0)
(666685 0)
(666696 0)
(666705 0)
(666707 0)
(666747 0)
(666761 0)
(666779 0)
(666831 0)
(666835 0)
(666839 0)
(666840 1)
(666843 0)
(666845 0)
(666847 0)
(666859 0)
(666860 0)
(666865 0)
(666872 0)
(666874 0)
(666894 0)
(666979 0)
(666980 0)
(666984 1)
(667002 0)
(667006 1)
(667014 0)
(667025 0)
(667028 0)
(667035 0)
(667037 0)
(667038 0)
(667085 0)
(667119 0)
(667177 0)
(667185 0)
(667265 0)
(667269 0)
(667274 0)
(667279 0)
(667283 0)
(667287 0)
(667360 1)
(667372 0)
(667374 1)
(667380 0)
(667385 0)
(667391 0)
(667408 1)
(667450 0)
(667505 0)
(667510 0)
(667518 0)
(667520 0)
(667523 0)
(667524 1)
(667527 0)
(667529 0)
(667531 0)
(667543 0)
(667548 0)
(667551 0)
(667552 0)
(667554 0)
(667556 0)
(667559 0)
(667567 0)
(667593 0)
(667594 0)
(667608 1)
(667610 0)
(667620 0)
(667624 0)
(667627 0)
(667628 0)
(667639 0)
(668686 1)
(668698 1)
(668730 1)
(668732 1)
(668752 0)
(668918 1)
(668940 1)
(668952 1)
(668998 1)
(669029 0)
(669030 1)
(669036 0)
(669308 0)
(669426 0)
(669570 1)
(669574 0)
(669587 0)
(669616 0)
(669619 0)
(669624 0)
(669627 0)
(669628 0)
(669635 0)
(669636 1)
(669640 0)
(669643 0)
(669660 0)
(669663 0)
(669680 0)
(669688 0)
(671769 0)
(671776 0)
(671780 0)
(671786 0)
(671795 0)
(671796 0)
(671799 0)
(671801 0)
(671811 0)
(671813 0)
(671984 0)
(671986 0)
(672007 0)
(672019 0)
(672087 0)
(672098 0)
(672113 0)
(672228 0)
(672230 1)
(672234 1)
(672270 0)
(672272 0)
(672274 1)
(672278 0)
(672282 0)
(672334 1)
(672448 0)
(672591 0)
(672592 0)
(672673 0)
(673917 0)
(674152 1)
(674862 1)
(674944 7)
(675972 2)
(677983 0)
(678023 0)
(678443 0)
(678564 1)
(678722 0)
(678726 0)
(678733 0)
(678760 1)
(678892 0)
(680085 0)
(680112 0)
(680362 1)
(680364 1)
(680372 1)
(680394 1)
(680398 0)
(680402 1)
(680418 1)
(680578 1)
(680586 0)
(680647 0)
(680806 0)
(680858 1)
(680870 0)
(680880 1)
(680882 0)
(680887 0)
(681882 1)
(681992 3)
(682006 1)
(682050 1)
(682052 1)
(682056 1)
(682060 2)
(682072 1)
(682080 2)
(682094 1)
(682100 2)
(682118 1)
(682128 1)
(682176 2)
(682192 2)
(682198 1)
(682202 1)
(682232 2)
(682258 1)
(682270 1)
(682280 2)
(682284 1)
(682288 3)
(682296 1)
(682300 2)
(682308 2)
(682312 1)
(682314 0)
(682336 2)
(682342 1)
(682345 0)
(682346 1)
(682348 2)
(682352 2)
(682362 1)
(682376 3)
(682414 1)
(682848 1)
(682866 1)
(682868 2)
(682880 1)
(682882 0)
(682902 1)
(682916 2)
(682920 1)
(682932 1)
(682954 1)
(682960 1)
(682968 1)
(682972 2)
(682976 2)
(682982 1)
(682984 1)
(683002 1)
(683004 1)
(683012 1)
(683105 0)
(683107 0)
(683108 1)
(683113 0)
(683114 1)
(683119 0)
(683139 0)
(683146 0)
(683193 0)
(683194 0)
(683230 1)
(683301 0)
(683321 0)
(683327 0)
(683334 0)
(683350 0)
(683611 0)
(683919 0)
(683922 0)
(685072 0)
(685093 0)
(685094 0)
(685097 0)
(685116 0)
(685124 0)
(685233 0)
(685236 0)
(685238 0)
(685270 0)
(685281 0)
(685283 0)
(685300 0)
(685308 0)
(685335 0)
(685339 0)
(685341 0)
(685354 0)
(685365 0)
(685368 0)
(685407 0)
(685408 0)
(685518 0)
(685524 0)
(685854 0)
(685980 0)
(685984 0)
(686028 1)
(686032 1)
(686062 1)
(687420 2)
(687424 2)
(687430 1)
(687434 1)
(687436 2)
(687452 2)
(687458 1)
(687460 2)
(687464 1)
(687472 1)
(687478 1)
(687484 1)
(687487 0)
(687490 1)
(687494 1)
(687516 2)
(687526 1)
(687542 1)
(687544 1)
(687550 1)
(687552 2)
(687576 1)
(687684 1)
(687690 1)
(687694 1)
(687696 1)
(687708 2)
(687720 1)
(687724 2)
(687740 1)
(687894 1)
(687896 1)
(687900 1)
(687954 1)
(687988 2)
(688068 1)
(688072 2)
(688080 1)
(688100 1)
(688114 1)
(688116 1)
(690176 0)
(690179 0)
(690214 0)
(690218 0)
(690360 0)
(690362 0)
(690420 0)
(690460 1)
(690492 1)
(690509 0)
(690525 0)
(690613 0)
(690615 0)
(690616 0)
(690707 0)
(690743 0)
(690749 0)
(690770 0)
(690778 0)
(690803 0)
(690804 0)
(690809 0)
(690848 0)
(690963 0)
(691005 0)
(691025 0)
(691027 0)
(691036 0)
(691104 0)
(691119 0)
(691120 0)
(691140 0)
(691152 0)
(691155 0)
(691157 0)
(691159 0)
(691186 0)
(691914 1)
(701440 7)
(702720 7)
(703336 3)
(704770 1)
(704824 2)
(704828 1)
(704830 0)
(705024 7)
(705232 3)
(707656 1)
(708035 0)
(708043 0)
(708045 0)
(708048 0)
(708052 0)
(708054 0)
(708060 0)
(708062 0)
(708065 0)
(708067 0)
(708398 0)
(708402 0)
(708405 0)
(708407 0)
(708413 0)
(708419 0)
(708438 0)
(708441 0)
(708442 0)
(708445 0)
(708498 0)
(708500 0)
(708590 0)
(708595 0)
(708597 0)
(708604 0)
(708643 0)
(708771 0)
(708772 0)
(708775 0)
(708798 0)
(708941 0)
(708942 0)
(708958 0)
(708989 0)
(709151 0)
(709633 0)
(709638 0)
(709645 0)
(709701 0)
(709805 0)
(709806 0)
(709814 0)
(709821 0)
(709822 0)
(709832 0)
(709835 0)
(709841 0)
(709883 0)
(709884 0)
(709894 0)
(709911 0)
(709912 0)
(709916 0)
(709940 0)
(709947 0)
(709949 0)
(709950 0)
(709964 0)
(709997 0)
(710009 0)
(710012 0)
(710025 0)
(710026 0)
(710033 0)
(710064 0)
(710145 0)
(710161 0)
(710162 0)
(710164 0)
(710172 0)
(710220 0)
(710223 0)
(710225 0)
(710268 0)
(710294 0)
(710630 0)
(710853 0)
(710856 0)
(710909 0)
(710966 0)
(710969 0)
(710970 0)
(710980 0)
(711004 0)
(711011 0)
(711013 0)
(711019 0)
(711029 0)
(711032 0)
(711037 0)
(711044 0)
(711051 0)
(711056 0)
(711058 0)
(711083 0)
(711088 0)
(711099 0)
(711134 0)
(711140 0)
(711143 0)
(711145 0)
(711157 0)
(711169 0)
(711245 0)
(711246 0)
(711272 0)
(711275 0)
(711280 0)
(711282 0)
(711294 0)
(711298 0)
(711304 0)
(711321 0)
(711332 0)
(711364 0)
(711369 0)
(711460 0)
(711497 0)
(711498 0)
(711533 0)
(711547 0)
(711565 0)
(711580 0)
(711593 0)
(711594 0)
(711614 0)
(711618 0)
(711629 0)
(711631 0)
(711636 0)
(711638 0)
(711675 0)
(712799 0)
(712810 0)
(712814 0)
(712817 0)
(712900 0)
(712939 0)
(712940 0)
(712949 0)
(712950 0)
(712956 0)
(712965 0)
(712975 0)
(712981 0)
(713001 0)
(713048 0)
(713051 0)
(713055 0)
(713056 0)
(713081 0)
(713082 0)
(713111 0)
(713145 0)
(713153 0)
(713155 0)
(713170 0)
(713219 0)
(713270 0)
(713275 0)
(713355 0)
(713367 0)
(713372 0)
(713381 0)
(713384 0)
(713391 0)
(713417 0)
(713432 0)
(713461 0)
(713464 0)
(713466 0)
(713473 0)
(713475 0)
(713498 0)
(713501 0)
(713503 0)
(713527 0)
(713559 0)
(713569 0)
(713570 0)
(713585 0)
(713586 0)
(713620 0)
(713646 0)
(713648 0)
(713650 1)
(713659 0)
(713673 0)
(713736 2)
(713740 1)
(713773 0)
(713915 0)
(713934 0)
(713942 0)
(713989 0)
(714113 0)
(714116 0)
(714135 0)
(714166 0)
(714186 0)
(714326 0)
(714331 0)
(714366 0)
(714432 0)
(714459 0)
(714501 0)
(714510 0)
(714518 0)
(714523 0)
(714526 0)
(714534 0)
(714542 0)
(714546 0)
(714549 0)
(714645 0)
(714671 0)
(714687 0)
(714702 0)
(714741 0)
(714747 0)
(714820 1)
(714984 1)
(714987 0)
(714991 0)
(714992 3)
(715004 2)
(715009 0)
(715016 2)
(715023 0)
(715024 2)
(715028 0)
(715030 1)
(715032 3)
(715040 2)
(715044 1)
(715046 0)
(715048 2)
(715074 1)
(715082 1)
(715096 3)
(715113 0)
(715114 1)
(715137 0)
(715153 0)
(715154 1)
(715156 2)
(715489 0)
(715490 1)
(715503 0)
(715612 0)
(715630 1)
(715632 0)
(715666 1)
(715753 0)
(715757 0)
(719411 0)
(742128 0)
(742228 0)
(744545 0)
(748977 0)
(762950 0)
(773862 1)
(777396 2)
(777481 0)
(777500 2)
(777520 2)
(781025 0)
